 15.78930000000000     0.0000000000000000E+000
 14.98239942343710      1.000000000000000
 8.860110430144500      2.000000000000000
 8.106767051045749      3.000000000000000
 4.520523286463021      4.000000000000000
 4.129666735321143      5.000000000000000
 3.840366664192096      6.000000000000000
 3.775930777189889      7.000000000000000
 3.793010330853303      8.000000000000000
 17.11667128775620      9.000000000000000
 18.41291763620710      10.00000000000000
 18.75042012559426      11.00000000000000
 19.26593557434630      12.00000000000000
 18.69525945640090      13.00000000000000
 3.767008277935359      14.00000000000000
 3.464295759105078      15.00000000000000
 3.397545250613022      16.00000000000000
 3.431436584678755      17.00000000000000
 4.278170964511419      18.00000000000000
 8.530185841283370      19.00000000000000
 9.423121801930600      20.00000000000000
 16.67860571674511      21.00000000000000
 17.97129384077193      22.00000000000000
 19.37442419577275      23.00000000000000
 19.73978757511446      24.00000000000000
 20.31376253382655      25.00000000000000
 19.74184749279205      26.00000000000000
 16.68579878016028      27.00000000000000
 9.439810499288416      28.00000000000000
 8.547602017160319      29.00000000000000
 4.295466712002252      30.00000000000000
 3.891442341768260      31.00000000000000
 3.536417426166361      32.00000000000000
 3.456888945122737      33.00000000000000
 3.335125492325483      34.00000000000000
 3.443652174943166      35.00000000000000
 4.240226672372041      36.00000000000000
 8.335172287993196      37.00000000000000
 9.198654455268233      38.00000000000000
 16.23162890826141      39.00000000000000
 17.48665668975884      40.00000000000000
 18.84937405403225      41.00000000000000
 19.20428613258642      42.00000000000000
 19.76119290413986      43.00000000000000
 19.20367693967125      44.00000000000000
 16.22950165661506      45.00000000000000
 9.193718997747443      46.00000000000000
 8.330021688496306      47.00000000000000
 4.235111687948705      48.00000000000000
 3.850319350662059      49.00000000000000
 3.514077298812393      50.00000000000000
 3.439116121621248      51.00000000000000
 3.330733032403201      52.00000000000000
 3.452425010065364      53.00000000000000
 4.290652693429205      54.00000000000000
 8.543608804488166      55.00000000000000
 9.436188938975674      56.00000000000000
 16.68614599490803      57.00000000000000
 17.97753838027691      58.00000000000000
 19.37919704035398      59.00000000000000
 19.74416711044510      60.00000000000000
 20.31677311436845      61.00000000000000
 19.74331767457365      62.00000000000000
 16.68317983458184      63.00000000000000
 9.429307121154636      64.00000000000000
 8.536427000722746      65.00000000000000
 4.283520549993524      66.00000000000000
 3.879911698044353      67.00000000000000
 3.525460301750734      68.00000000000000
 3.446100106557102      69.00000000000000
 3.324608350173806      70.00000000000000
 3.432891777130292      71.00000000000000
 4.228399200065386      72.00000000000000
 8.324453701736239      73.00000000000000
 9.188669229170699      74.00000000000000
 16.22998579990442      75.00000000000000
 17.48678113564221      76.00000000000000
 18.85147544192596      77.00000000000000
 19.20691132797980      78.00000000000000
 19.76539074532019      79.00000000000000
 19.20920837156139      80.00000000000000
 16.23800688750886      81.00000000000000
 9.207279033614913      82.00000000000000
 8.343874727852722      83.00000000000000
 4.247685934770908      84.00000000000000
 3.862233942762371      85.00000000000000
 3.525182112947944      86.00000000000000
 3.449995574481251      87.00000000000000
 3.341170709355049      88.00000000000000
 3.462931972320236      89.00000000000000
 4.301672452599950      90.00000000000000
 8.551483944606932      91.00000000000000
 9.442962699977777      92.00000000000000
 16.68187061481281      93.00000000000000
 17.97104656363864      94.00000000000000
 19.37024868461766      95.00000000000000
 19.73457124514404      96.00000000000000
 20.30542131670588      97.00000000000000
 19.73085639703558      98.00000000000000
 16.66889867019944      99.00000000000000
 9.412866363368508      100.0000000000000
 8.520075675860687      101.0000000000000
 4.270481363970768      102.0000000000000
 3.867767744435417      103.0000000000000
 3.514351878231375      104.0000000000000
 3.435271195770204      105.0000000000000
 3.314385562930935      106.0000000000000
 3.422774573890514      107.0000000000000
 4.218330130813943      108.0000000000000
 8.319524184417176      109.0000000000000
 9.185194819990421      110.0000000000000
 16.24012419717658      111.0000000000000
 17.49955609441950      112.0000000000000
 18.86715466431786      113.0000000000000
 19.22335336083473      114.0000000000000
 19.78374921462043      115.0000000000000
 19.22843781486377      116.0000000000000
 16.25787869322280      117.0000000000000
 9.226387201338135      118.0000000000000
 8.362512186593772      119.0000000000000
 4.261020881988870      120.0000000000000
 3.874449695142127      121.0000000000000
 3.536150018684715      122.0000000000000
 3.460633442589895      123.0000000000000
 3.351045970484200      124.0000000000000
 3.472528150048623      125.0000000000000
 4.310660189954232      126.0000000000000
 8.553403880693123      127.0000000000000
 9.443092678324819      128.0000000000000
 16.66600074184366      129.0000000000000
 17.95215421248915      130.0000000000000
 19.34804202694721      131.0000000000000
 19.71149637326015      132.0000000000000
 20.28029436925726      133.0000000000000
 19.70510828198291      134.0000000000000
 16.64369405155264      135.0000000000000
 9.391338706222166      136.0000000000000
 8.499393896501706      137.0000000000000
 4.257023670941186      138.0000000000000
 3.855638687581759      139.0000000000000
 3.503666794283887      140.0000000000000
 3.424962392245812      141.0000000000000
 3.304985955313711      142.0000000000000
 3.413823928080889      143.0000000000000
 4.210540337503865      144.0000000000000
 8.320638739934523      145.0000000000000
 9.188410958891470      146.0000000000000
 16.26151964085368      147.0000000000000
 17.52432071755720      148.0000000000000
 18.89560063513679      149.0000000000000
 19.25276168489984      150.0000000000000
 19.81531862854436      151.0000000000000
 19.26037053060283      152.0000000000000
 16.28808910537800      153.0000000000000
 9.250055035526472      154.0000000000000
 8.384969949101361      155.0000000000000
 4.274426712870698      156.0000000000000
 3.886334687011054      157.0000000000000
 3.546413646331069      158.0000000000000
 3.470479429099876      159.0000000000000
 3.359847968597384      160.0000000000000
 3.480717133039740      161.0000000000000
 4.317150969897821      162.0000000000000
 8.549269294465612      163.0000000000000
 9.436572150237751      164.0000000000000
 16.63935732442490      165.0000000000000
 17.92183862802914      166.0000000000000
 19.31372581759785      167.0000000000000
 19.67613615776427      168.0000000000000
 20.24269208884886      169.0000000000000
 19.66740527923799      170.0000000000000
 16.60886981339827      171.0000000000000
 9.365837775278184      172.0000000000000
 8.475451530956025      173.0000000000000
 4.243843637276681      174.0000000000000
 3.831416792881313      175.0000000000000
 3.483419925129400      176.0000000000000
 3.405725757209396      177.0000000000000
 3.375607652396392      178.0000000000000
 17.05292823766298      179.0000000000000
 18.42303058432397      180.0000000000000
 18.78013905465216      181.0000000000000
 19.35655043184704      182.0000000000000
 18.84161289193664      183.0000000000000
 4.215293337873762      184.0000000000000
 3.892463783712680      185.0000000000000
 3.819786132439840      186.0000000000000
 3.799079159626723      187.0000000000000
 4.538509815938540      188.0000000000000
 8.097879912169956      189.0000000000000
 8.845421775297421      190.0000000000000
 14.91981878635582      191.0000000000000
 15.72034278353211      192.0000000000000
 16.04426400456364      193.0000000000000
 13.37603053473360      194.0000000000000
 12.24810641116696      195.0000000000000
 9.611236921267309      196.0000000000000
 8.806911904230834      197.0000000000000
 7.275141789431022      198.0000000000000
 8.661527500216746      199.0000000000000
 10.33020813066350      200.0000000000000
 14.26695768449699      201.0000000000000
 12.01653942795301      202.0000000000000
 2.659488798772996      203.0000000000000
 1.568228796686816      204.0000000000000
 2.510652999873885      205.0000000000000
 2.545003128774757      206.0000000000000
 1.685313786131178      207.0000000000000
 2.870348211580036      208.0000000000000
 12.86775173144117      209.0000000000000
 15.23990144252041      210.0000000000000
 10.95599833195282      211.0000000000000
 9.136666878437245      212.0000000000000
 7.622605317994111      213.0000000000000
 9.118592568013197      214.0000000000000
 13.75961875608879      215.0000000000000
 16.36989039034185      216.0000000000000
 16.02351050872721      217.0000000000000
 3.484632840567842      218.0000000000000
 3.431817330669160      219.0000000000000
 3.582662644792933      220.0000000000000
 19.66140023992183      221.0000000000000
 20.22716566916308      222.0000000000000
 19.57857311014460      223.0000000000000
 2.995810501151875      224.0000000000000
 2.868455587197554      225.0000000000000
 2.922969037913263      226.0000000000000
 16.87542366273302      227.0000000000000
 17.45012315188463      228.0000000000000
 16.97883073097060      229.0000000000000
 16.45313960458529      230.0000000000000
 3.762719192157089      231.0000000000000
 3.655635494255266      232.0000000000000
 3.571795017240516      233.0000000000000
 3.697030105451722      234.0000000000000
 3.827427971159707      235.0000000000000
 17.94161684176721      236.0000000000000
 18.51498631333414      237.0000000000000
 19.02827095627741      238.0000000000000
 18.39988400294823      239.0000000000000
 17.76809224674313      240.0000000000000
 2.986741629320676      241.0000000000000
 2.881499762076567      242.0000000000000
 2.788908559252498      243.0000000000000
 2.875108612307903      244.0000000000000
 2.976750872408132      245.0000000000000
 17.53827776908257      246.0000000000000
 18.16270819404259      247.0000000000000
 18.78461172906321      248.0000000000000
 18.27961619946927      249.0000000000000
 17.71452457271941      250.0000000000000
 3.830625682429812      251.0000000000000
 3.703432783119410      252.0000000000000
 3.584076735912443      253.0000000000000
 3.674271346282024      254.0000000000000
 3.785040015185501      255.0000000000000
 16.66593071759248      256.0000000000000
 17.19743417884593      257.0000000000000
 17.67284727017140      258.0000000000000
 17.08876517012317      259.0000000000000
 2.904322648460222      260.0000000000000
 2.844947390491012      261.0000000000000
 2.966531132246284      262.0000000000000
 19.39732434911387      263.0000000000000
 20.04451303206605      264.0000000000000
 19.48841756087826      265.0000000000000
 3.611950655280383      266.0000000000000
 3.464532190013355      267.0000000000000
 3.522040054016051      268.0000000000000
 16.15183175770776      269.0000000000000
 16.49912587455215      270.0000000000000
 13.85304025729728      271.0000000000000
 9.170487858137443      272.0000000000000
 7.648854839976203      273.0000000000000
 9.154629936500747      274.0000000000000
 10.96294989979615      275.0000000000000
 15.21803795856443      276.0000000000000
 12.83843962042974      277.0000000000000
 2.851910575712408      278.0000000000000
 1.666699229713778      279.0000000000000
 2.514149875735127      280.0000000000000
 2.486889093799965      281.0000000000000
 1.573778810860789      282.0000000000000
 2.684569355884769      283.0000000000000
 12.16290465947282      284.0000000000000
 14.44589507376793      285.0000000000000
 10.46631332926862      286.0000000000000
 8.777552138165397      287.0000000000000
 7.373102527374570      288.0000000000000
 8.923133368339244      289.0000000000000
 9.737484255563217      290.0000000000000
 12.40674251936534      291.0000000000000
 13.54834081567977      292.0000000000000
 16.24358631681318      293.0000000000000
 15.91475826077495      294.0000000000000
