 5.648170000000000     0.0000000000000000E+000
 6.003306605655400      1.000000000000000
 10.40996104564814      2.000000000000000
 11.28607360811796      3.000000000000000
 18.19882929402250      4.000000000000000
 19.62022345741576      5.000000000000000
 20.94260569701292      6.000000000000000
 21.28586489261174      7.000000000000000
 21.34784948364128      8.000000000000000
 6.347686586308331      9.000000000000000
 5.898607590270631      10.00000000000000
 5.792129008818375      11.00000000000000
 5.642726420974757      12.00000000000000
 5.839090167483076      13.00000000000000
 21.40552060820670      14.00000000000000
 22.76962882226172      15.00000000000000
 23.12318619946237      16.00000000000000
 22.77689945913237      17.00000000000000
 18.83004600961996      18.00000000000000
 9.828073630978762      19.00000000000000
 8.743490784899143      20.00000000000000
 3.732608450352813      21.00000000000000
 3.281491675108226      22.00000000000000
 2.894502701918723      23.00000000000000
 2.809613097364100      24.00000000000000
 2.657267158005338      25.00000000000000
 2.700924115523265      26.00000000000000
 3.279809137331556      27.00000000000000
 7.003809137772393      28.00000000000000
 7.851380905882690      29.00000000000000
 15.07804280135864      30.00000000000000
 16.41557842174082      31.00000000000000
 17.87537277828371      32.00000000000000
 18.25672595184527      33.00000000000000
 18.91385395058368      34.00000000000000
 18.48233424704561      35.00000000000000
 15.86420403423037      36.00000000000000
 9.668876300524758      37.00000000000000
 8.900794261844592      38.00000000000000
 5.172470653710752      39.00000000000000
 4.799532944233508      40.00000000000000
 4.462653144370934      41.00000000000000
 4.385437161403132      42.00000000000000
 4.289794671193151      43.00000000000000
 4.468143712239493      44.00000000000000
 5.517026916606854      45.00000000000000
 10.22459973090188      46.00000000000000
 11.17303462998105      47.00000000000000
 18.71927948738593      48.00000000000000
 20.05520754225805      49.00000000000000
 21.49980770024218      50.00000000000000
 21.87512433598251      51.00000000000000
 22.40370091747434      52.00000000000000
 21.64069800814141      53.00000000000000
 17.90239068128284      54.00000000000000
 9.284501361043761      55.00000000000000
 8.253469829802462      56.00000000000000
 3.550389613944902      57.00000000000000
 3.139513368517030      58.00000000000000
 2.792742732067103      59.00000000000000
 2.717790485220992      60.00000000000000
 2.593458861925363      61.00000000000000
 2.662081903955547      62.00000000000000
 3.318307144322350      63.00000000000000
 7.361795303336800      64.00000000000000
 8.271346711439216      65.00000000000000
 15.97929993100126      66.00000000000000
 17.40061177367353      67.00000000000000
 18.95066699054395      68.00000000000000
 19.35541926691926      69.00000000000000
 20.05304765732738      70.00000000000000
 19.59578514952358      71.00000000000000
 16.81688588253161      72.00000000000000
 10.20772890108566      73.00000000000000
 9.382866838982180      74.00000000000000
 5.334772254577917      75.00000000000000
 4.921128174960282      76.00000000000000
 4.543908590590005      77.00000000000000
 4.456783045914282      78.00000000000000
 4.332773971038602      79.00000000000000
 4.484809622158360      80.00000000000000
 5.451531232854489      81.00000000000000
 9.831461714910109      82.00000000000000
 10.71743953074404      83.00000000000000
 17.78437865137873      84.00000000000000
 19.03757889582878      85.00000000000000
 20.39321305680927      86.00000000000000
 20.74549202456768      87.00000000000000
 21.23564397054145      88.00000000000000
 20.50213799578110      89.00000000000000
 16.93638011867729      90.00000000000000
 8.756984902094658      91.00000000000000
 7.785264911369504      92.00000000000000
 3.409998120203665      93.00000000000000
 3.039794259187892      94.00000000000000
 2.732989530199561      95.00000000000000
 2.667797371370332      96.00000000000000
 2.571836293253281      97.00000000000000
 2.667796933336261      98.00000000000000
 3.409996295349636      99.00000000000000
 7.785257900172773      100.0000000000000
 8.756976935705175      101.0000000000000
 16.93636499750113      102.0000000000000
 18.43834043911848      103.0000000000000
 20.07497439251090      104.0000000000000
 20.50212002673705      105.0000000000000
 21.23562548746049      106.0000000000000
 20.74547410222608      107.0000000000000
 17.78436369294329      108.0000000000000
 10.71743194058847      109.0000000000000
 9.831455096402198      110.0000000000000
 5.451529799794267      111.0000000000000
 4.997746730240286      112.0000000000000
 4.581425849501095      113.0000000000000
 4.484809532829947      114.0000000000000
 4.332774308982900      115.0000000000000
 4.456783827275471      116.0000000000000
 5.334774448818706      117.0000000000000
 9.382874156778527      118.0000000000000
 10.20773714589120      119.0000000000000
 16.81690098077830      120.0000000000000
 17.99249229129519      121.0000000000000
 19.26499806065949      122.0000000000000
 19.59580294463144      123.0000000000000
 20.05306591345793      124.0000000000000
 19.35543692249321      125.0000000000000
 15.97931454302405      126.0000000000000
 8.271353832162728      127.0000000000000
 7.361801447888420      128.0000000000000
 3.318308167992465      129.0000000000000
 2.987217043142754      130.0000000000000
 2.718168881785096      131.0000000000000
 2.662081643481442      132.0000000000000
 2.593458190186305      133.0000000000000
 2.717789370126860      134.0000000000000
 3.550387077260012      135.0000000000000
 8.253462295260306      136.0000000000000
 9.284492939058527      137.0000000000000
 17.90237579135402      138.0000000000000
 19.47795255602903      139.0000000000000
 21.19324383785985      140.0000000000000
 21.64068060547237      141.0000000000000
 22.40368311245764      142.0000000000000
 21.87510716396552      143.0000000000000
 18.71926540119394      144.0000000000000
 11.17302806612353      145.0000000000000
 10.22459413575426      146.0000000000000
 5.517026314896238      147.0000000000000
 5.025637021059215      148.0000000000000
 4.573367907395657      149.0000000000000
 4.468144319317751      150.0000000000000
 4.289795668478755      151.0000000000000
 4.385438596538121      152.0000000000000
 5.172473501692187      153.0000000000000
 8.900801920617136      154.0000000000000
 9.668884796277489      155.0000000000000
 15.86421853301024      156.0000000000000
 16.97111986848969      157.0000000000000
 18.17040519150077      158.0000000000000
 18.48235104359119      159.0000000000000
 18.91387108586154      160.0000000000000
 18.25674242945280      161.0000000000000
 15.07805618875769      162.0000000000000
 7.851386832277567      163.0000000000000
 7.003814114814002      164.0000000000000
 3.279809309694257      165.0000000000000
 2.984356137314903      166.0000000000000
 2.749006472417402      167.0000000000000
 2.700923169294956      168.0000000000000
 2.657265847418582      169.0000000000000
 2.809611359809923      170.0000000000000
 3.732605326044554      171.0000000000000
 8.743483095936622      172.0000000000000
 9.828065165776039      173.0000000000000
 18.83003208001636      174.0000000000000
 20.52661563180918      175.0000000000000
 22.31155197158538      176.0000000000000
 22.77688344335527      177.0000000000000
 23.12317047301582      178.0000000000000
 6.476069714775484      179.0000000000000
 5.961472349585307      180.0000000000000
 5.839090972764969      181.0000000000000
 5.642727615849878      182.0000000000000
 5.792130656411955      183.0000000000000
 19.79853901446685      184.0000000000000
 21.02889124959607      185.0000000000000
 21.34786858522989      186.0000000000000
 21.28588406669965      187.0000000000000
 18.19884585169843      188.0000000000000
 11.28608377870780      189.0000000000000
 10.40997032288885      190.0000000000000
 6.003310727875014      191.0000000000000
 5.648173616074197      192.0000000000000
 5.515137604467311      193.0000000000000
 6.451470858479302      194.0000000000000
 6.959211283955840      195.0000000000000
 8.356969972299702      196.0000000000000
 8.856542582330734      197.0000000000000
 8.273945035010479      198.0000000000000
 5.526157903304304      199.0000000000000
 3.185846420128017      200.0000000000000
0.7205320893966580      201.0000000000000
0.8871869274006297      202.0000000000000
 4.366426422815280      203.0000000000000
 4.244241442305322      204.0000000000000
0.6752616941294748      205.0000000000000
0.6498563863532519      206.0000000000000
 4.064270679488287      207.0000000000000
 4.208182198884272      208.0000000000000
0.8994654806225332      209.0000000000000
0.7585047225844109      210.0000000000000
 3.209618616232803      211.0000000000000
 5.499996571583720      212.0000000000000
 8.176711400300986      213.0000000000000
 8.688251893081958      214.0000000000000
 6.287945291029641      215.0000000000000
 5.319177064452205      216.0000000000000
 5.442678389560414      217.0000000000000
 21.37531911020407      218.0000000000000
 21.90832362734542      219.0000000000000
 21.37332621316448      220.0000000000000
 5.422293758914278      221.0000000000000
 5.251137394674197      222.0000000000000
 5.424397408828590      223.0000000000000
 21.45799451045679      224.0000000000000
 21.99599291531922      225.0000000000000
 21.46167574459048      226.0000000000000
 5.462051435427163      227.0000000000000
 5.289284126568932      228.0000000000000
 5.463127524960991      229.0000000000000
 5.656514297753555      230.0000000000000
 20.93647762360204      231.0000000000000
 21.50498650078798      232.0000000000000
 22.04083878182264      233.0000000000000
 21.50216890934702      234.0000000000000
 20.93221335320055      235.0000000000000
 5.627482454855412      236.0000000000000
 5.434307390405764      237.0000000000000
 5.260086878748157      238.0000000000000
 5.430797550035053      239.0000000000000
 5.621975611687304      240.0000000000000
 20.79549387831540      241.0000000000000
 21.36090386047453      242.0000000000000
 21.89456672195734      243.0000000000000
 21.36090454133932      244.0000000000000
 20.79549490876699      245.0000000000000
 5.621982627168429      246.0000000000000
 5.430804514357320      247.0000000000000
 5.260093934199019      248.0000000000000
 5.434314942838579      249.0000000000000
 5.627490393065838      250.0000000000000
 20.93223729243342      251.0000000000000
 21.50219326065166      252.0000000000000
 22.04086329123968      253.0000000000000
 21.50500996236596      254.0000000000000
 20.93650021628230      255.0000000000000
 5.656513068415846      256.0000000000000
 5.463125976698008      257.0000000000000
 5.289281962240814      258.0000000000000
 5.462048530534450      259.0000000000000
 21.46164460415125      260.0000000000000
 21.99596088740031      261.0000000000000
 21.45796317094698      262.0000000000000
 5.424392467714024      263.0000000000000
 5.251133167480135      264.0000000000000
 5.422290002478237      265.0000000000000
 21.37334255493138      266.0000000000000
 21.90834097072266      267.0000000000000
 21.37533660183509      268.0000000000000
 5.442686394672878      269.0000000000000
 5.319184871220351      270.0000000000000
 6.287953916358137      271.0000000000000
 8.688263042616107      272.0000000000000
 8.176720879785957      273.0000000000000
 5.500002186713838      274.0000000000000
 3.209620999124016      275.0000000000000
0.7585038737999434      276.0000000000000
0.8994643697950426      277.0000000000000
 4.208182725467216      278.0000000000000
 4.064272397742472      279.0000000000000
0.6498573424345131      280.0000000000000
0.6752615346457914      281.0000000000000
 4.244235257916646      282.0000000000000
 4.366420000782978      283.0000000000000
0.8871863557330524      284.0000000000000
0.7205329080172418      285.0000000000000
 3.185849846873101      286.0000000000000
 5.526162369671947      287.0000000000000
 8.273950244898140      288.0000000000000
 8.856546342102288      289.0000000000000
 8.356973245070769      290.0000000000000
 6.959213224147041      291.0000000000000
 6.451472327810879      292.0000000000000
 5.515136591004684      293.0000000000000
 5.648172327282536      294.0000000000000
