0.7742430000000000E-002     0.0000000000000000E+000
0.7355915900000000E-002      1.000000000000000
0.8001635263771111E-001      2.000000000000000
0.1030510947044210      3.000000000000000
0.3280004672099712      4.000000000000000
0.3802800114240355      5.000000000000000
0.4268888175584168      6.000000000000000
0.4386963817791267      7.000000000000000
0.4794716714380308      8.000000000000000
0.7940487595011687      9.000000000000000
0.8122622356024792      10.00000000000000
0.8168763162148112      11.00000000000000
0.8429246057607179      12.00000000000000
0.8931457731568779      13.00000000000000
 2.266225692871810      14.00000000000000
 2.346304226292199      15.00000000000000
 2.366590788092031      16.00000000000000
 2.360648839580979      17.00000000000000
 2.162803559824464      18.00000000000000
 1.670910449287524      19.00000000000000
 1.606553277917375      20.00000000000000
 1.266949103204200      21.00000000000000
 1.227661376509396      22.00000000000000
 1.186878269213752      23.00000000000000
 1.176546548698856      24.00000000000000
 1.161317377376515      25.00000000000000
 1.179391757661098      26.00000000000000
 1.277922282663752      27.00000000000000
 1.641213760638437      28.00000000000000
 1.709237685616522      29.00000000000000
 2.224818099416291      30.00000000000000
 2.313057495539812      31.00000000000000
 2.404655484595370      32.00000000000000
 2.427860308489444      33.00000000000000
 2.463872623617222      34.00000000000000
 2.428054117852525      35.00000000000000
 2.225554994939424      36.00000000000000
 1.711557294385785      37.00000000000000
 1.643778370682919      38.00000000000000
 1.282069605954452      39.00000000000000
 1.239485591179272      40.00000000000000
 1.195280731551058      41.00000000000000
 1.184082167111910      42.00000000000000
 1.166267875253102      43.00000000000000
 1.181899102360637      44.00000000000000
 1.273650132514911      45.00000000000000
 1.617184162983376      46.00000000000000
 1.682149669232789      47.00000000000000
 2.177972635525415      48.00000000000000
 2.263265754940115      49.00000000000000
 2.351805325266794      50.00000000000000
 2.374235349749553      51.00000000000000
 2.408645236741302      52.00000000000000
 2.372834381420537      53.00000000000000
 2.172645920276543      54.00000000000000
 1.665382169614763      55.00000000000000
 1.598645649717232      56.00000000000000
 1.243670834878974      57.00000000000000
 1.202091002436042      58.00000000000000
 1.158928546612928      59.00000000000000
 1.147994057804406      60.00000000000000
 1.130482758230503      61.00000000000000
 1.145390753857813      62.00000000000000
 1.233630615769296      63.00000000000000
 1.566932066407178      64.00000000000000
 1.630313586982900      65.00000000000000
 2.115903973443096      66.00000000000000
 2.199671186658500      67.00000000000000
 2.286626771311169      68.00000000000000
 2.308655519423178      69.00000000000000
 2.342786597353590      70.00000000000000
 2.308616951110714      71.00000000000000
 2.115757330286451      72.00000000000000
 1.629851981855131      73.00000000000000
 1.566421705710604      74.00000000000000
 1.232805293101582      75.00000000000000
 1.194410475473927      76.00000000000000
 1.154554263403697      77.00000000000000
 1.144457356345906      78.00000000000000
 1.129497602787430      79.00000000000000
 1.146928892743094      80.00000000000000
 1.242337321429578      81.00000000000000
 1.596530089919301      82.00000000000000
 1.663145550393627      83.00000000000000
 2.169627254706794      84.00000000000000
 2.256509830024752      85.00000000000000
 2.346699354576267      86.00000000000000
 2.369547367462650      87.00000000000000
 2.405311768311443      88.00000000000000
 2.370952609539490      89.00000000000000
 2.174970219457694      90.00000000000000
 1.679964200393515      91.00000000000000
 1.615125156163189      92.00000000000000
 1.272408072923094      93.00000000000000
 1.232656142039690      94.00000000000000
 1.191391161883907      95.00000000000000
 1.180937366911109      96.00000000000000
 1.165391884708934      97.00000000000000
 1.183266800350432      98.00000000000000
 1.281392049674180      99.00000000000000
 1.643502434790158      100.0000000000000
 1.711343528634919      101.0000000000000
 2.225742849576061      102.0000000000000
 2.313806118374486      103.0000000000000
 2.405221276296728      104.0000000000000
 2.428379782970362      105.0000000000000
 2.464242004659276      106.0000000000000
 2.428262636658975      107.0000000000000
 2.225297439761799      108.0000000000000
 1.709941462156502      109.0000000000000
 1.641952279513447      110.0000000000000
 1.278885237733261      111.0000000000000
 1.236098673512351      112.0000000000000
 1.191683554943933      113.0000000000000
 1.180431724906601      114.0000000000000
 1.162399601175516      115.0000000000000
 1.177702064405552      116.0000000000000
 1.268357696544141      117.0000000000000
 1.608699414122355      118.0000000000000
 1.673170755853376      119.0000000000000
 2.165801409255435      120.0000000000000
 2.250618483517361      121.0000000000000
 2.338663889325588      122.0000000000000
 2.360968725463672      123.0000000000000
 2.395186784724362      124.0000000000000
 2.359576464348698      125.0000000000000
 2.160507800286596      126.0000000000000
 1.656507468589842      127.0000000000000
 1.590276120308143      128.0000000000000
 1.238564724434600      129.0000000000000
 1.197471540648216      130.0000000000000
 1.154814256440897      131.0000000000000
 1.144007744441710      132.0000000000000
 1.126836893658548      133.0000000000000
 1.141980784195560      134.0000000000000
 1.230747302644657      135.0000000000000
 1.565583585763130      136.0000000000000
 1.629202695754305      137.0000000000000
 2.116327914695049      138.0000000000000
 2.200324005714004      139.0000000000000
 2.287517179782122      140.0000000000000
 2.309606117212712      141.0000000000000
 2.343908544978649      142.0000000000000
 2.309877539729883      143.0000000000000
 2.117359908374815      144.0000000000000
 1.632451218121806      145.0000000000000
 1.569175222940838      146.0000000000000
 1.236555468510224      147.0000000000000
 1.198309274877481      148.0000000000000
 1.158607343770828      149.0000000000000
 1.148549521223809      150.0000000000000
 1.133769874467841      151.0000000000000
 1.151503788828142      152.0000000000000
 1.247949256813331      153.0000000000000
 1.605164263679934      154.0000000000000
 1.672247561431911      155.0000000000000
 2.181751504122278      156.0000000000000
 2.269084762684431      157.0000000000000
 2.359742124513655      158.0000000000000
 2.382708656177059      159.0000000000000
 2.418645897512203      160.0000000000000
 2.384070841011324      161.0000000000000
 2.186930758055563      162.0000000000000
 1.688550880511411      163.0000000000000
 1.623189568819203      164.0000000000000
 1.277098627099437      165.0000000000000
 1.236843578561122      166.0000000000000
 1.195056330943493      167.0000000000000
 1.184470228213694      168.0000000000000
 1.168564339618120      169.0000000000000
 1.186169826593624      170.0000000000000
 1.283653505240069      171.0000000000000
 1.643894164180054      172.0000000000000
 1.711445827644083      173.0000000000000
 2.223975422409240      174.0000000000000
 2.314797397525608      175.0000000000000
 2.405923125067113      176.0000000000000
 2.429008309377628      177.0000000000000
 2.436077569433160      178.0000000000000
 1.033768228397219      179.0000000000000
0.9519850242154966      180.0000000000000
0.9312666124894602      181.0000000000000
0.8802503465616491      182.0000000000000
0.8544773633185033      183.0000000000000
0.5577728275468694      184.0000000000000
0.5405941416969242      185.0000000000000
0.5362422079482716      186.0000000000000
0.4945772871782976      187.0000000000000
0.3780648166486263      188.0000000000000
0.1372943618679701      189.0000000000000
0.1118105436075950      190.0000000000000
0.2332902459597142E-001      191.0000000000000
0.2196036742394043E-001      192.0000000000000
0.2141927040243981E-001      193.0000000000000
0.2012676791409460E-001      194.0000000000000
0.2047727542694549E-001      195.0000000000000
0.2136937904835269E-001      196.0000000000000
0.2166674692215509E-001      197.0000000000000
0.1881395414301686E-001      198.0000000000000
0.1367863750107973E-001      199.0000000000000
0.4725977641462437E-001      200.0000000000000
0.1922342162451857      201.0000000000000
0.2944148287194710      202.0000000000000
0.5953925635341385      203.0000000000000
0.5572209605954019      204.0000000000000
0.1018271738562251      205.0000000000000
-.1072597774520081      206.0000000000000
-.5643950739507416      207.0000000000000
-.6013048301162995      208.0000000000000
-.2934810213674818      209.0000000000000
-.1877663833793494      210.0000000000000
-.3421428567130386E-001      211.0000000000000
0.3477446176807310E-002      212.0000000000000
0.2022647817921257E-002      213.0000000000000
-.3981981706466919E-003      214.0000000000000
-.2290506030900743E-002      215.0000000000000
-.5765905020593709E-002      216.0000000000000
-.6230749586429983E-002      217.0000000000000
-.3537076166678710E-001      218.0000000000000
-.3621486599360173E-001      219.0000000000000
-.3616662726219984E-001      220.0000000000000
-.2492350802066830E-001      221.0000000000000
-.2480569145633787E-001      222.0000000000000
-.2544539414595058E-001      223.0000000000000
-.4864180044868480E-001      224.0000000000000
-.4906135120858743E-001      225.0000000000000
-.4827201840709733E-001      226.0000000000000
-.1676020104732309E-001      227.0000000000000
-.1561928535442759E-001      228.0000000000000
-.1495535331706279E-001      229.0000000000000
-.1472200374103233E-001      230.0000000000000
-.5362262774014578E-002      231.0000000000000
-.5128913197984104E-002      232.0000000000000
-.4634131248396216E-002      233.0000000000000
-.4025163183882446E-002      234.0000000000000
-.3669100136223437E-002      235.0000000000000
0.1061272522942415E-001      236.0000000000000
0.1096878827708316E-001      237.0000000000000
0.1180091012342341E-001      238.0000000000000
0.1299340961326859E-001      239.0000000000000
0.1373854658868493E-001      240.0000000000000
0.4362627637797383E-001      241.0000000000000
0.4437141335339017E-001      242.0000000000000
0.4520292477063744E-001      243.0000000000000
0.4492062518725067E-001      244.0000000000000
0.4446877236478673E-001      245.0000000000000
0.2634478240336532E-001      246.0000000000000
0.2589292958090139E-001      247.0000000000000
0.2544484729289196E-001      248.0000000000000
0.2577380287830507E-001      249.0000000000000
0.2616086218837071E-001      250.0000000000000
0.4168595952393937E-001      251.0000000000000
0.4207301883400501E-001      252.0000000000000
0.4227056203961742E-001      253.0000000000000
0.4142654837160706E-001      254.0000000000000
0.4069426790954907E-001      255.0000000000000
0.1132221780059344E-001      256.0000000000000
0.1058993733853546E-001      257.0000000000000
0.9384737464456821E-002      258.0000000000000
0.8466129856312019E-002      259.0000000000000
-.9340975178014022E-002      260.0000000000000
-.1000801004370993E-001      261.0000000000000
-.1042844512105805E-001      262.0000000000000
-.1707563632504235E-001      263.0000000000000
-.1763101613335765E-001      264.0000000000000
-.1872481407894234E-001      265.0000000000000
-.4985041305337558E-001      266.0000000000000
-.5060333650673698E-001      267.0000000000000
-.5010938150796332E-001      268.0000000000000
-.2480729181337164E-001      269.0000000000000
-.2440367019281780E-001      270.0000000000000
-.2502993880429176E-001      271.0000000000000
-.2834112635938383E-001      272.0000000000000
-.2620809692992573E-001      273.0000000000000
-.2040907340948989E-001      274.0000000000000
-.5320417432059025E-001      275.0000000000000
-.1964530723273599      276.0000000000000
-.2984491455313649      277.0000000000000
-.6003470278107951      278.0000000000000
-.5611837972860485      279.0000000000000
-.1008584198881497      280.0000000000000
0.1108212209415108      281.0000000000000
0.5743403368408559      282.0000000000000
0.6111894783400826      283.0000000000000
0.2967366449400741      284.0000000000000
0.1882595553152707      285.0000000000000
0.2928017054824980E-001      286.0000000000000
-.1105330839768857E-001      287.0000000000000
-.1200395302085794E-001      288.0000000000000
-.1066306678098066E-001      289.0000000000000
-.1008701267769755E-001      290.0000000000000
-.8358850367848229E-002      291.0000000000000
-.7679855396308425E-002      292.0000000000000
-.4317669802345875E-002      293.0000000000000
-.4057271952563918E-002      294.0000000000000
