  0.9999407500012     0.0000000000000E+00-0.1088560917551E-01 000000
  0.2602248421100E-02 0.0000000000000E+00 0.2390398365338     100000
 -0.1624247056781E-01 0.0000000000000E+00 -1.492016472352     010000
  0.0000000000000E+00-0.5132183766530E-02 0.0000000000000E+00 001000
  0.0000000000000E+00-0.5415052457912E-02 0.0000000000000E+00 000100
 -0.8453621787126E-07 0.0000000000000E+00-0.7765409150520E-05 000010
  0.8609263407549E-02 0.0000000000000E+00 0.7908379926105     000001
 -0.3017333731103E-01 0.0000000000000E+00-0.1468123594718     200000
  0.3638475335085     0.0000000000000E+00 0.6552076992103     110000
  -1.138334281871     0.0000000000000E+00 -2.303807655795     020000
  0.0000000000000E+00-0.1826200684890     0.0000000000000E+00 101000
  0.0000000000000E+00 0.5074171442191     0.0000000000000E+00 011000
 -0.2781134244085E-03 0.0000000000000E+00-0.2433738772092E-01 002000
  0.0000000000000E+00-0.8548817202491     0.0000000000000E+00 100100
  0.0000000000000E+00  2.983224241320     0.0000000000000E+00 010100
 -0.3012177591689E-02 0.0000000000000E+00-0.2741424965511     001100
  0.1373880065560E-05 0.0000000000000E+00-0.4433959066956E-04 100010
 -0.5705446847654E-05 0.0000000000000E+00 0.5403815762060E-03 010010
  0.0000000000000E+00-0.3581915748268E-05 0.0000000000000E+00 001010
 -0.1399174894765     0.0000000000000E+00  4.515593731365     100001
  0.5810491171853     0.0000000000000E+00 -55.03306686466     010001
  0.0000000000000E+00 0.3647863243568     0.0000000000000E+00 001001
 -0.1276946027608E-01 0.0000000000000E+00 -1.171642494544     000200
  0.0000000000000E+00-0.5255332486002E-04 0.0000000000000E+00 000110
 -0.2992809790165E-10 0.0000000000000E+00 0.2065777904089E-10 000020
  0.0000000000000E+00  5.352089650489     0.0000000000000E+00 000101
  0.6096469075725E-05 0.0000000000000E+00-0.4207437369397E-05 000011
 -0.3104356301537     0.0000000000000E+00 0.2142450739995     000002
  0.3097240478369E-01 0.0000000000000E+00-0.3860097484822     300000
 -0.2931490470320     0.0000000000000E+00  7.714077540290     210000
   1.019229351356     0.0000000000000E+00 -47.58443248812     120000
  -2.084205487735     0.0000000000000E+00  126.0128222470     030000
  0.0000000000000E+00-0.1196609913439     0.0000000000000E+00 201000
  0.0000000000000E+00  1.098876318924     0.0000000000000E+00 111000
  0.0000000000000E+00 -2.275831808899     0.0000000000000E+00 021000
  0.1215315271380E-02 0.0000000000000E+00-0.3367607479462     102000
  0.9534579295366E-03 0.0000000000000E+00  3.184529544516     012000
  0.0000000000000E+00-0.1297488283228E-01 0.0000000000000E+00 003000
  0.0000000000000E+00 -1.129843655025     0.0000000000000E+00 200100
  0.0000000000000E+00  10.70297060317     0.0000000000000E+00 110100
  0.0000000000000E+00 -27.44514225225     0.0000000000000E+00 020100
  0.2699760434773E-01 0.0000000000000E+00 -3.046821118117     101100
 -0.3118727264814E-01 0.0000000000000E+00  33.05561220788     011100
  0.0000000000000E+00-0.9742235843035     0.0000000000000E+00 002100
  0.9833521601732E-05 0.0000000000000E+00 0.3492633349573E-04 200010
 -0.1944559434641E-03 0.0000000000000E+00-0.3924608109966E-03 110010
  0.7962539099966E-03 0.0000000000000E+00 0.7374349793074E-03 020010
  0.0000000000000E+00 0.3587759677905E-04 0.0000000000000E+00 101010
  0.0000000000000E+00-0.4064305485452E-03 0.0000000000000E+00 011010
 -0.8908313805185E-07 0.0000000000000E+00 0.1086925612384E-04 002010
  -1.001456888315     0.0000000000000E+00 -3.556937044376     200001
   19.80361176271     0.0000000000000E+00  39.96864993793     110001
  -81.09139282246     0.0000000000000E+00 -75.10120682797     020001
  0.0000000000000E+00 -3.653814766055     0.0000000000000E+00 101001
  0.0000000000000E+00  41.39134370730     0.0000000000000E+00 011001
  0.9072326842542E-02 0.0000000000000E+00 -1.106937255689     002001
  0.1817876540346     0.0000000000000E+00 -8.607359100654     100200
 -0.5292325644141     0.0000000000000E+00  110.5093676071     010200
  0.0000000000000E+00 -10.18318448114     0.0000000000000E+00 001200
  0.0000000000000E+00-0.2902399828675E-04 0.0000000000000E+00 100110
  0.0000000000000E+00-0.1357527264300E-02 0.0000000000000E+00 010110
 -0.3174881100492E-06 0.0000000000000E+00 0.1929817191966E-03 001110
 -0.5639184599625E-09 0.0000000000000E+00-0.1973494217968E-07 100020
  0.4745693283811E-08 0.0000000000000E+00 0.4770276917562E-07 010020
  0.0000000000000E+00 0.2326865157751E-08 0.0000000000000E+00 001020
  0.0000000000000E+00  2.955836595662     0.0000000000000E+00 100101
  0.0000000000000E+00  138.2521018400     0.0000000000000E+00 010101
  0.3233334579921E-01 0.0000000000000E+00 -19.65347510623     001101
  0.1148603108741E-03 0.0000000000000E+00 0.4019657008806E-02 100011
 -0.9666129827548E-03 0.0000000000000E+00-0.9716208114453E-02 010011
  0.0000000000000E+00-0.4739412234979E-03 0.0000000000000E+00 001011
  -5.848751554852     0.0000000000000E+00 -204.6831930240     100002
   49.22047609637     0.0000000000000E+00  494.7547754924     010002
  0.0000000000000E+00  24.13335334905     0.0000000000000E+00 001002
  0.0000000000000E+00 -30.01793155159     0.0000000000000E+00 000300
 -0.1551223235629E-05 0.0000000000000E+00 0.7195564703058E-03 000210
  0.0000000000000E+00 0.1204735591170E-07 0.0000000000000E+00 000120
  0.3408442220855E-07 0.0000000000000E+00 0.3130959527717E-05 000030
  0.1579783171228     0.0000000000000E+00 -73.28043938902     000201
  0.0000000000000E+00-0.2453832890867E-02 0.0000000000000E+00 000111
  0.1560389050634E-09 0.0000000000000E+00 0.1876491675555E-07 000021
  0.0000000000000E+00  124.9505493013     0.0000000000000E+00 000102
 -0.1589140353534E-04 0.0000000000000E+00-0.1911040021169E-02 000012
  0.5394661305282     0.0000000000000E+00  64.87415429967     000003
 ------------------------------------------------------------------------------
  0.0000000000000E+00  1.000000000000     0.0000000000000E+00 000000
  0.8699554829665E-02 0.0000000000000E+00 0.3276670654816     001000
  0.1931675396762E-01 0.0000000000000E+00  1.276966384512     000100
  0.1050630856910     0.0000000000000E+00 0.7210550872414E-01 101000
 -0.2116746333226E-01 0.0000000000000E+00-0.2549261419668     011000
  0.0000000000000E+00-0.5372069402778E-01 0.0000000000000E+00 002000
  0.5538404966922     0.0000000000000E+00 0.3878574117136     100100
  -1.092026286973     0.0000000000000E+00 -1.314209889917     010100
  0.0000000000000E+00-0.4185878750920     0.0000000000000E+00 001100
  0.5604733232744E-05 0.0000000000000E+00-0.4801925584452E-04 001010
 -0.5707923296825     0.0000000000000E+00  4.890334967012     001001
  0.0000000000000E+00-0.8155081420788     0.0000000000000E+00 000200
  0.6343371507753E-04 0.0000000000000E+00 0.8808256314398E-04 000110
  -6.460160814782     0.0000000000000E+00 -8.970427195687     000101
  0.1475070281114     0.0000000000000E+00-0.2775483957308     201000
  -1.113747293269     0.0000000000000E+00  3.010271006288     111000
   2.559158627559     0.0000000000000E+00 -9.270210827813     021000
  0.0000000000000E+00-0.2454060252324E-01 0.0000000000000E+00 102000
  0.0000000000000E+00 0.8371504836067E-01 0.0000000000000E+00 012000
  0.1436428312758E-01 0.0000000000000E+00-0.5799148299240     003000
   1.225664669865     0.0000000000000E+00 0.1695539701124     200100
  -10.63111974454     0.0000000000000E+00  1.057514211961     110100
   28.53196004943     0.0000000000000E+00  9.169301376834     020100
  0.0000000000000E+00-0.2260120542456     0.0000000000000E+00 101100
  0.0000000000000E+00 0.7660644411212     0.0000000000000E+00 011100
   1.032771890816     0.0000000000000E+00 -5.512855018692     002100
 -0.9085610221774E-05 0.0000000000000E+00 0.2233342101358E-04 101010
  0.1556067211854E-03 0.0000000000000E+00-0.2586491733620E-04 011010
  0.0000000000000E+00 0.1568556996528E-04 0.0000000000000E+00 002010
  0.9252887530532     0.0000000000000E+00 -2.274460688600     101001
  -15.84716331684     0.0000000000000E+00  2.634112241931     011001
  0.0000000000000E+00 -1.597436068695     0.0000000000000E+00 002001
  0.0000000000000E+00-0.5059792773541     0.0000000000000E+00 100200
  0.0000000000000E+00  1.699296254729     0.0000000000000E+00 010200
   10.79969923700     0.0000000000000E+00 -10.27244284765     001200
  0.6936585680870E-04 0.0000000000000E+00 0.1750697994852E-03 100110
  0.7846013511204E-03 0.0000000000000E+00-0.4764791684644E-03 010110
  0.0000000000000E+00 0.3179711020178E-04 0.0000000000000E+00 001110
 -0.3083720537983E-08 0.0000000000000E+00-0.3470164973512E-07 001020
  -7.064296793389     0.0000000000000E+00 -17.82930507888     100101
  -79.90468313330     0.0000000000000E+00  48.52517386482     010101
  0.0000000000000E+00 -3.238253428336     0.0000000000000E+00 001101
  0.6280991305561E-03 0.0000000000000E+00 0.7068110778622E-02 001011
  -31.98316057787     0.0000000000000E+00 -359.9121715226     001002
   31.90111734435     0.0000000000000E+00  35.76436742836     000300
  0.0000000000000E+00-0.1137038056641E-03 0.0000000000000E+00 000210
 -0.1371898555782E-07 0.0000000000000E+00-0.2144459584353E-06 000120
  0.0000000000000E+00  11.57972332066     0.0000000000000E+00 000201
  0.2794313879612E-02 0.0000000000000E+00 0.4367883651405E-01 000111
  -142.2880325210     0.0000000000000E+00 -2224.150892893     000102
 ------------------------------------------------------------------------------
  0.1088560917551E-01 0.0000000000000E+00 0.9999407500012     000000
 -0.2390398365338     0.0000000000000E+00 0.2602248421100E-02 100000
   1.492016472352     0.0000000000000E+00-0.1624247056781E-01 010000
  0.0000000000000E+00-0.3277423511622     0.0000000000000E+00 001000
  0.0000000000000E+00 -1.277100998889     0.0000000000000E+00 000100
  0.7765409150520E-05 0.0000000000000E+00-0.8453621787126E-07 000010
 -0.7908379926105     0.0000000000000E+00 0.8609263407549E-02 000001
  0.1468123594718     0.0000000000000E+00-0.3017333731103E-01 200000
 -0.6552076992103     0.0000000000000E+00 0.3638475335085     110000
   2.303807655795     0.0000000000000E+00 -1.138334281871     020000
  0.0000000000000E+00-0.7201804310184E-01 0.0000000000000E+00 101000
  0.0000000000000E+00 0.2474837018854     0.0000000000000E+00 011000
  0.2207095764680E-01 0.0000000000000E+00-0.5395097678706E-01 002000
  0.0000000000000E+00-0.3925688324021     0.0000000000000E+00 100100
  0.0000000000000E+00  1.317939568156     0.0000000000000E+00 010100
  0.2612579520399     0.0000000000000E+00-0.4214290056757     001100
  0.4433959066956E-04 0.0000000000000E+00 0.1373880065560E-05 100010
 -0.5403815762060E-03 0.0000000000000E+00-0.5705446847654E-05 010010
  0.0000000000000E+00 0.4791554389991E-04 0.0000000000000E+00 001010
  -4.515593731365     0.0000000000000E+00-0.1399174894765     100001
   55.03306686466     0.0000000000000E+00 0.5810491171853     010001
  0.0000000000000E+00 -4.879772826049     0.0000000000000E+00 001001
   1.155850351671     0.0000000000000E+00-0.8281246822623     000200
  0.0000000000000E+00-0.8880991147257E-04 0.0000000000000E+00 000110
 -0.2065777904089E-10 0.0000000000000E+00-0.2992809790165E-10 000020
  0.0000000000000E+00  9.044501166691     0.0000000000000E+00 000101
  0.4207437369397E-05 0.0000000000000E+00 0.6096469075725E-05 000011
 -0.2142450739995     0.0000000000000E+00-0.3104356301537     000002
  0.3860097484822     0.0000000000000E+00 0.3097240478369E-01 300000
  -7.714077540290     0.0000000000000E+00-0.2931490470320     210000
   47.58443248812     0.0000000000000E+00  1.019229351356     120000
  -126.0128222470     0.0000000000000E+00 -2.084205487735     030000
  0.0000000000000E+00 0.3094624802347     0.0000000000000E+00 201000
  0.0000000000000E+00 -3.271470836972     0.0000000000000E+00 111000
  0.0000000000000E+00  9.622197693466     0.0000000000000E+00 021000
  0.2891263537958     0.0000000000000E+00-0.2133571145074E-01 102000
  -3.096198201184     0.0000000000000E+00 0.8101316438598E-01 012000
  0.0000000000000E+00 0.5796035101696     0.0000000000000E+00 003000
  0.0000000000000E+00-0.1581099093100E-01 0.0000000000000E+00 200100
  0.0000000000000E+00 -2.471347189107     0.0000000000000E+00 110100
  0.0000000000000E+00 -6.462258142288     0.0000000000000E+00 020100
   2.628722732633     0.0000000000000E+00-0.1857142776635     101100
  -32.03822896052     0.0000000000000E+00 0.7001572028997     011100
  0.0000000000000E+00  5.499773126743     0.0000000000000E+00 002100
 -0.3492633349573E-04 0.0000000000000E+00 0.9833521601732E-05 200010
  0.3924608109966E-03 0.0000000000000E+00-0.1944559434641E-03 110010
 -0.7374349793074E-03 0.0000000000000E+00 0.7962539099966E-03 020010
  0.0000000000000E+00-0.2241415507745E-04 0.0000000000000E+00 101010
  0.0000000000000E+00 0.2174059493028E-04 0.0000000000000E+00 011010
 -0.1204290448527E-04 0.0000000000000E+00 0.1566002439482E-04 002010
   3.556937044376     0.0000000000000E+00 -1.001456888315     200001
  -39.96864993793     0.0000000000000E+00  19.80361176271     110001
   75.10120682797     0.0000000000000E+00 -81.09139282246     020001
  0.0000000000000E+00  2.282682736346     0.0000000000000E+00 101001
  0.0000000000000E+00 -2.214086614096     0.0000000000000E+00 011001
   1.226462923489     0.0000000000000E+00 -1.594834479131     002001
   7.703034653242     0.0000000000000E+00-0.3067711836187     100200
  -107.8910277244     0.0000000000000E+00  1.119669285680     010200
  0.0000000000000E+00  10.14681517014     0.0000000000000E+00 001200
  0.0000000000000E+00-0.1677594497214E-03 0.0000000000000E+00 100110
  0.0000000000000E+00 0.4007896184258E-03 0.0000000000000E+00 010110
 -0.2178721032496E-03 0.0000000000000E+00 0.3239540887262E-04 001110
  0.1973494217968E-07 0.0000000000000E+00-0.5639184599625E-09 100020
 -0.4770276917562E-07 0.0000000000000E+00 0.4745693283811E-08 010020
  0.0000000000000E+00 0.3469556781854E-07 0.0000000000000E+00 001020
  0.0000000000000E+00  17.08481084523     0.0000000000000E+00 100101
  0.0000000000000E+00 -40.81686504711     0.0000000000000E+00 010101
   22.18833978402     0.0000000000000E+00 -3.299184837217     001101
 -0.4019657008806E-02 0.0000000000000E+00 0.1148603108741E-03 100011
  0.9716208114453E-02 0.0000000000000E+00-0.9666129827548E-03 010011
  0.0000000000000E+00-0.7066871756886E-02 0.0000000000000E+00 001011
   204.6831930240     0.0000000000000E+00 -5.848751554852     100002
  -494.7547754924     0.0000000000000E+00  49.22047609637     010002
  0.0000000000000E+00  359.8490798397     0.0000000000000E+00 001002
  0.0000000000000E+00 -36.11583764359     0.0000000000000E+00 000300
 -0.7947127608254E-03 0.0000000000000E+00-0.1138206954340E-03 000210
  0.0000000000000E+00 0.2141360822293E-06 0.0000000000000E+00 000120
 -0.3130959527717E-05 0.0000000000000E+00 0.3408442220855E-07 000030
   80.93444045789     0.0000000000000E+00  11.59162750609     000201
  0.0000000000000E+00-0.4361571768013E-01 0.0000000000000E+00 000111
 -0.1876491675555E-07 0.0000000000000E+00 0.1560389050634E-09 000021
  0.0000000000000E+00  2220.936846411     0.0000000000000E+00 000102
  0.1911040021169E-02 0.0000000000000E+00-0.1589140353534E-04 000012
  -64.87415429967     0.0000000000000E+00 0.5394661305282     000003
 ------------------------------------------------------------------------------
