# TRN EL SYMPE SNRME MAPSE
         1         1  0.0000000E+00  0.0000000E+00  0.0000000E+00
         1         2  0.4705739E-23  0.0000000E+00  0.4271571E-12
         1         3  0.2145979E-19  0.5721349E-14  0.0000000E+00
         1         4  0.4235165E-22  0.5181041E-16  0.4271571E-12
         1         5  0.2762890E-19  0.5750955E-14  0.0000000E+00
         1         6  0.1764652E-21  0.1480297E-16  0.0000000E+00
         1         7  0.2470513E-21  0.0000000E+00  0.0000000E+00
         1         8  0.3388132E-21  0.0000000E+00  0.0000000E+00
         1         9  0.9097223E-20  0.1110223E-15  0.0000000E+00
         1        10  0.4705739E-21  0.1110223E-16  0.0000000E+00
         1        11  0.3764591E-21  0.0000000E+00  0.0000000E+00
         1        12  0.3764591E-21  0.0000000E+00  0.0000000E+00
         1        13  0.7796962E-20  0.3330669E-16  0.0000000E+00
         1        14  0.1336663E-19  0.1480297E-15  0.0000000E+00
         1        15  0.1317607E-20  0.1110223E-16  0.0000000E+00
         1        16  0.7246837E-21  0.0000000E+00  0.0000000E+00
         1        17  0.6023345E-21  0.0000000E+00  0.0000000E+00
         1        18  0.2851572E-19  0.8511710E-16  0.0000000E+00
         1        19  0.3576361E-21  0.3700743E-17  0.4271571E-12
         1        20  0.3393498E-17  0.5795364E-14  0.0000000E+00
         1        21  0.1185846E-20  0.1480297E-16  0.4271571E-12
         1        22  0.2689370E-17  0.5750955E-14  0.0000000E+00
         1        23  0.7576239E-21  0.3700743E-17  0.0000000E+00
         1        24  0.2432867E-20  0.0000000E+00  0.0000000E+00
         1        25  0.7340952E-21  0.0000000E+00  0.0000000E+00
         1        26  0.1216459E-19  0.6291264E-16  0.0000000E+00
         1        27  0.4211172E-20  0.5181041E-16  0.0000000E+00
         1        28  0.9458902E-21  0.3700743E-17  0.4271571E-12
         1        29  0.2552158E-18  0.5773160E-14  0.0000000E+00
         1        30  0.1797592E-20  0.2960595E-16  0.4271571E-12
         1        31  0.3516730E-18  0.5736152E-14  0.0000000E+00
         1        32  0.9411477E-21  0.3330669E-16  0.0000000E+00
         1        33  0.2559922E-20  0.7401487E-17  0.0000000E+00
         1        34  0.4893968E-21  0.0000000E+00  0.0000000E+00
         1        35  0.8281334E-20  0.5551115E-16  0.0000000E+00
         1        36  0.6910272E-20  0.6291264E-16  0.0000000E+00
         1        37  0.1242462E-20  0.1110223E-16  0.4271571E-12
         1        38  0.5191190E-18  0.5758357E-14  0.0000000E+00
         1        39  0.1223492E-20  0.1110223E-16  0.4271571E-12
         1        40  0.1135600E-17  0.5765758E-14  0.0000000E+00
         1        41  0.1571717E-20  0.2590520E-16  0.0000000E+00
         1        42  0.1345841E-20  0.0000000E+00  0.0000000E+00
         1        43  0.1341135E-20  0.0000000E+00  0.0000000E+00
         1        44  0.7581397E-20  0.7401487E-16  0.0000000E+00
         1        45  0.9578840E-20  0.9251859E-16  0.0000000E+00
         1        46  0.1679949E-20  0.7401487E-17  0.4271571E-12
         1        47  0.3464114E-17  0.5824970E-14  0.0000000E+00
         1        48  0.7717411E-21  0.5551115E-16  0.4271571E-12
         1        49  0.7199846E-17  0.5713948E-14  0.0000000E+00
         1        50  0.1167023E-20  0.2590520E-16  0.0000000E+00
         1        51  0.7717411E-21  0.0000000E+00  0.0000000E+00
         1        52  0.1317607E-20  0.0000000E+00  0.0000000E+00
         1        53  0.7282609E-20  0.7031412E-16  0.0000000E+00
         1        54  0.5602978E-20  0.5551115E-16  0.0000000E+00
         1        55  0.2635214E-21  0.3700743E-17  0.4271571E-12
         1        56  0.4831331E-17  0.5765758E-14  0.0000000E+00
         1        57  0.2079936E-20  0.2960595E-16  0.4271571E-12
         1        58  0.3815432E-17  0.5780561E-14  0.0000000E+00
         1        59  0.4357514E-20  0.5921189E-16  0.0000000E+00
         1        60  0.3054024E-20  0.2960595E-16  0.0000000E+00
         1        61  0.3670476E-20  0.0000000E+00  0.0000000E+00
         1        62  0.9637284E-20  0.1110223E-15  0.0000000E+00
         1        63  0.9101957E-20  0.5921189E-16  0.0000000E+00
         1        64  0.3557538E-20  0.1480297E-16  0.4271571E-12
         1        65  0.2833104E-18  0.5802766E-14  0.0000000E+00
         1        66  0.9787936E-21  0.2220446E-16  0.4271571E-12
         1        67  0.3444063E-18  0.5736152E-14  0.0000000E+00
         1        68  0.1891707E-20  0.3700743E-16  0.0000000E+00
         1        69  0.2559922E-20  0.7401487E-17  0.0000000E+00
         1        70  0.1731712E-20  0.0000000E+00  0.0000000E+00
         1        71  0.9397272E-20  0.2960595E-16  0.0000000E+00
         1        72  0.4213249E-20  0.7401487E-16  0.0000000E+00
         1        73  0.1957587E-20  0.7401487E-17  0.4271571E-12
         1        74  0.3207459E-18  0.5750955E-14  0.0000000E+00
         1        75  0.1665831E-20  0.2590520E-16  0.4271571E-12
         1        76  0.8596632E-18  0.5773160E-14  0.0000000E+00
         1        77  0.7199780E-21  0.1850372E-16  0.0000000E+00
         1        78  0.2903441E-20  0.0000000E+00  0.0000000E+00
         1        79  0.3199902E-20  0.0000000E+00  0.0000000E+00
         1        80  0.2650354E-20  0.2590520E-16  0.0000000E+00
         1        81  0.1170235E-19  0.8511710E-16  0.0000000E+00
         1        82  0.3087001E-20  0.3700743E-17  0.4271571E-12
         1        83  0.2369724E-17  0.5676940E-14  0.0000000E+00
         1        84  0.1957587E-20  0.6661338E-16  0.4271571E-12
         1        85  0.6901057E-17  0.5728751E-14  0.0000000E+00
         1        86  0.3030496E-20  0.3700743E-16  0.0000000E+00
         1        87  0.8376215E-21  0.0000000E+00  0.0000000E+00
         1        88  0.3472835E-20  0.0000000E+00  0.0000000E+00
         1        89  0.1294775E-19  0.9621933E-16  0.0000000E+00
         1        90  0.1439408E-19  0.4070818E-16  0.0000000E+00
         1        91  0.3162256E-20  0.1110223E-16  0.4271571E-12
         1        92  0.6034904E-17  0.5810167E-14  0.0000000E+00
         1        93  0.3256371E-20  0.3700743E-16  0.4271571E-12
         1        94  0.4662857E-17  0.5773160E-14  0.0000000E+00
         1        95  0.3204608E-20  0.1110223E-16  0.0000000E+00
         1        96  0.1303490E-20  0.3700743E-17  0.0000000E+00
         1        97  0.4559861E-20  0.0000000E+00  0.0000000E+00
         1        98  0.1268935E-19  0.1221245E-15  0.0000000E+00
         1        99  0.1519372E-19  0.5921189E-16  0.0000000E+00
         1       100  0.3030496E-20  0.1850372E-16  0.4271571E-12
         1       101  0.6186602E-18  0.5750955E-14  0.0000000E+00
         1       102  0.1327018E-20  0.2220446E-16  0.4271571E-12
         1       103  0.6799699E-18  0.5743554E-14  0.0000000E+00
         1       104  0.1816415E-20  0.4810966E-16  0.0000000E+00
         1       105  0.4517509E-21  0.3700743E-17  0.0000000E+00
         1       106  0.1505836E-20  0.0000000E+00  0.0000000E+00
         1       107  0.6650969E-20  0.7771561E-16  0.0000000E+00
         1       108  0.9147046E-20  0.8141636E-16  0.0000000E+00
         1       109  0.5091609E-20  0.2220446E-16  0.4271571E-12
         1       110  0.3533517E-18  0.5721349E-14  0.0000000E+00
         1       111  0.1562305E-20  0.2590520E-16  0.4271571E-12
         1       112  0.6926071E-18  0.5773160E-14  0.0000000E+00
         1       113  0.2428161E-20  0.4810966E-16  0.0000000E+00
         1       114  0.3199902E-21  0.0000000E+00  0.0000000E+00
         1       115  0.1863472E-20  0.0000000E+00  0.0000000E+00
         1       116  0.5545430E-20  0.1850372E-16  0.0000000E+00
         1       117  0.8865689E-20  0.6661338E-16  0.0000000E+00
         1       118  0.7199780E-21  0.1480297E-16  0.4271571E-12
         1       119  0.1786106E-17  0.5750955E-14  0.0000000E+00
         1       120  0.3821060E-20  0.2960595E-16  0.4271571E-12
         1       121  0.6648293E-17  0.5721349E-14  0.0000000E+00
         1       122  0.1477602E-20  0.2220446E-16  0.0000000E+00
         1       123  0.1552894E-20  0.3700743E-17  0.0000000E+00
         1       124  0.2531687E-20  0.0000000E+00  0.0000000E+00
         1       125  0.1241679E-19  0.1147230E-15  0.0000000E+00
         1       126  0.1366150E-19  0.1850372E-16  0.0000000E+00
         1       127  0.2117582E-20  0.0000000E+00  0.4271571E-12
         1       128  0.6717323E-17  0.5728751E-14  0.0000000E+00
         1       129  0.2588156E-20  0.3700743E-17  0.4271571E-12
         1       130  0.4972527E-17  0.5765758E-14  0.0000000E+00
         1       131  0.5482185E-20  0.3330669E-16  0.0000000E+00
         1       132  0.7326835E-20  0.3700743E-17  0.0000000E+00
         1       133  0.1397604E-20  0.0000000E+00  0.0000000E+00
         1       134  0.1981545E-19  0.1517305E-15  0.0000000E+00
         1       135  0.1161600E-19  0.8511710E-16  0.0000000E+00
         1       136  0.2522276E-20  0.1850372E-16  0.4271571E-12
         1       137  0.1300093E-17  0.5773160E-14  0.0000000E+00
         1       138  0.4065758E-20  0.3330669E-16  0.4271571E-12
         1       139  0.1418033E-17  0.5728751E-14  0.0000000E+00
         1       140  0.4150461E-20  0.1850372E-16  0.0000000E+00
         1       141  0.5157490E-20  0.3700743E-17  0.0000000E+00
         1       142  0.3915175E-20  0.0000000E+00  0.0000000E+00
         1       143  0.1313776E-19  0.5921189E-16  0.0000000E+00
         1       144  0.1328245E-19  0.4070818E-16  0.0000000E+00
         1       145  0.2672860E-20  0.0000000E+00  0.4271571E-12
         1       146  0.3579437E-18  0.5728751E-14  0.0000000E+00
         1       147  0.5524537E-20  0.2590520E-16  0.4271571E-12
         1       148  0.5368149E-18  0.5728751E-14  0.0000000E+00
         1       149  0.4635153E-20  0.2960595E-16  0.0000000E+00
         1       150  0.5289250E-20  0.7401487E-17  0.0000000E+00
         1       151  0.4188107E-21  0.0000000E+00  0.0000000E+00
         1       152  0.6496589E-20  0.3330669E-16  0.0000000E+00
         1       153  0.1215358E-19  0.2960595E-16  0.0000000E+00
         1       154  0.4950437E-20  0.7401487E-17  0.4271571E-12
         1       155  0.1492827E-17  0.5787963E-14  0.0000000E+00
         1       156  0.1656420E-20  0.4440892E-16  0.4271571E-12
         1       157  0.6635426E-17  0.5691743E-14  0.0000000E+00
         1       158  0.3162256E-20  0.4070818E-16  0.0000000E+00
         1       159  0.7124488E-20  0.1850372E-16  0.0000000E+00
         1       160  0.7839761E-20  0.0000000E+00  0.0000000E+00
         1       161  0.1187503E-19  0.9621933E-16  0.0000000E+00
         1       162  0.1256718E-19  0.1110223E-15  0.0000000E+00
         1       163  0.2908146E-20  0.2960595E-16  0.4271571E-12
         1       164  0.6775023E-17  0.5728751E-14  0.0000000E+00
         1       165  0.3143433E-20  0.4440892E-16  0.4271571E-12
         1       166  0.4659910E-17  0.5773160E-14  0.0000000E+00
         1       167  0.3976349E-20  0.2590520E-16  0.0000000E+00
         1       168  0.2823443E-20  0.3700743E-17  0.0000000E+00
         1       169  0.3355192E-20  0.0000000E+00  0.0000000E+00
         1       170  0.1362802E-19  0.9251859E-16  0.0000000E+00
         1       171  0.5773524E-20  0.6291264E-16  0.0000000E+00
         1       172  0.2955204E-20  0.2220446E-16  0.4271571E-12
         1       173  0.2234136E-17  0.5736152E-14  0.0000000E+00
         1       174  0.8470329E-22  0.3700743E-16  0.4271571E-12
         1       175  0.2400917E-17  0.5743554E-14  0.0000000E+00
         1       176  0.7726823E-20  0.2220446E-16  0.0000000E+00
         1       177  0.5872762E-20  0.0000000E+00  0.0000000E+00
         1       178  0.5477480E-20  0.0000000E+00  0.0000000E+00
         1       179  0.3723778E-19  0.8511710E-16  0.0000000E+00
         1       180  0.8493858E-20  0.1850372E-16  0.0000000E+00
         1       181  0.4253988E-20  0.0000000E+00  0.0000000E+00
         1       182  0.3110493E-20  0.0000000E+00  0.0000000E+00
         1       183  0.6174640E-20  0.6291264E-16  0.0000000E+00
         1       184  0.5501443E-20  0.4440892E-16  0.0000000E+00
         1       185  0.2157581E-20  0.7401487E-17  0.0000000E+00
         1       186  0.4256341E-20  0.0000000E+00  0.0000000E+00
         1       187  0.5188077E-20  0.0000000E+00  0.0000000E+00
         1       188  0.2524218E-19  0.1036208E-15  0.0000000E+00
         1       189  0.3011673E-20  0.1480297E-16  0.4271571E-12
         1       190  0.3063308E-17  0.5758357E-14  0.0000000E+00
         1       191  0.6637738E-20  0.2960595E-16  0.4271571E-12
         1       192  0.2507059E-17  0.5765758E-14  0.0000000E+00
         1       193  0.3614044E-20  0.2960595E-16  0.0000000E+00
         1       194  0.4818704E-20  0.1480297E-16  0.0000000E+00
         1       195  0.3657055E-18  0.2464695E-14  0.0000000E+00
         1       196  0.6023401E-20  0.1480297E-16  0.0000000E+00
         1       197  0.3614118E-20  0.0000000E+00  0.0000000E+00
         1       198  0.6023419E-20  0.0000000E+00  0.0000000E+00
         1       199  0.7838882E-18  0.2908784E-14  0.0000000E+00
         1       200  0.7228063E-20  0.3700743E-17  0.0000000E+00
         1       201  0.3343106E-16  0.3672618E-12  0.0000000E+00
         1       202  0.8746792E-20  0.2960595E-16  0.0000000E+00
         1       203  0.2081067E-17  0.4644433E-14  0.0000000E+00
         1       204  0.3712828E-20  0.7401487E-17  0.0000000E+00
         1       205  0.7281572E-17  0.4248453E-14  0.0000000E+00
         1       206  0.1511130E-20  0.5181041E-16  0.0000000E+00
         1       207  0.1528253E-18  0.1702342E-15  0.0000000E+00
         1       208  0.4141050E-20  0.7401487E-17  0.0000000E+00
         1       209  0.4023200E-18  0.4144833E-15  0.0000000E+00
         1       210  0.4216342E-20  0.1480297E-16  0.0000000E+00
         1       211  0.1213426E-17  0.4736952E-15  0.0000000E+00
         1       212  0.4519292E-20  0.0000000E+00  0.0000000E+00
         1       213  0.1813771E-16  0.3672396E-12  0.0000000E+00
         1       214  0.6325763E-20  0.1850372E-16  0.0000000E+00
         1       215  0.1262248E-17  0.1968795E-14  0.0000000E+00
         1       216  0.9036562E-20  0.3700743E-17  0.0000000E+00
         1       217  0.4820367E-20  0.0000000E+00  0.0000000E+00
         1       218  0.3915248E-20  0.0000000E+00  0.0000000E+00
         1       219  0.1093392E-17  0.1232348E-14  0.0000000E+00
         1       220  0.6325910E-20  0.2220446E-16  0.0000000E+00
         1       221  0.1506425E-20  0.0000000E+00  0.0000000E+00
         1       222  0.7530064E-20  0.0000000E+00  0.0000000E+00
         1       223  0.7228750E-20  0.0000000E+00  0.0000000E+00
         1       224  0.7529770E-20  0.0000000E+00  0.0000000E+00
         1       225  0.3615257E-20  0.0000000E+00  0.0000000E+00
         1       226  0.7228603E-20  0.0000000E+00  0.0000000E+00
         1       227  0.5423658E-20  0.0000000E+00  0.0000000E+00
         1       228  0.1334816E-19  0.6291264E-16  0.0000000E+00
         1       229  0.1084263E-19  0.1480297E-16  0.0000000E+00
         1       230  0.3915395E-20  0.0000000E+00  0.0000000E+00
         1       231  0.3915395E-20  0.0000000E+00  0.0000000E+00
         1       232  0.2362133E-20  0.7771561E-16  0.0000000E+00
         1       233  0.8379625E-20  0.9251859E-16  0.0000000E+00
         1       234  0.5421084E-20  0.7401487E-17  0.0000000E+00
         1       235  0.5120027E-20  0.0000000E+00  0.0000000E+00
         1       236  0.3915331E-20  0.0000000E+00  0.0000000E+00
         1       237  0.1253688E-19  0.4070818E-16  0.0000000E+00
         1       238  0.4818869E-20  0.7401487E-17  0.0000000E+00
         1       239  0.8432904E-20  0.0000000E+00  0.0000000E+00
         1       240  0.9035036E-20  0.0000000E+00  0.0000000E+00
         1       241  0.8432978E-20  0.0000000E+00  0.0000000E+00
         1       242  0.7529476E-20  0.0000000E+00  0.0000000E+00
         1       243  0.9035404E-20  0.0000000E+00  0.0000000E+00
         1       244  0.3915689E-20  0.0000000E+00  0.0000000E+00
         1       245  0.1159856E-19  0.6291264E-16  0.0000000E+00
         1       246  0.1356269E-19  0.3330669E-16  0.0000000E+00
         1       247  0.4818970E-20  0.0000000E+00  0.7290233E-14
         1       248  0.6472059E-18  0.6395255E-13  0.0000000E+00
         1       249  0.9953887E-20  0.1480297E-16  0.0000000E+00
         1       250  0.1813340E-19  0.5181041E-16  0.0000000E+00
         1       251  0.1529515E-19  0.5921189E-16  0.0000000E+00
         1       252  0.9666764E-20  0.1850372E-16  0.7290233E-14
         1       253  0.6765300E-17  0.6393774E-13  0.0000000E+00
         1       254  0.5246899E-20  0.1850372E-16  0.0000000E+00
         1       255  0.1161855E-19  0.5551115E-16  0.0000000E+00
         1       256  0.1959992E-19  0.9251859E-16  0.0000000E+00
         1       257  0.1284667E-20  0.1480297E-16  0.7290233E-14
         1       258  0.1944242E-16  0.6392294E-13  0.0000000E+00
         1       259  0.6635091E-20  0.0000000E+00  0.0000000E+00
         1       260  0.1650300E-19  0.8881784E-16  0.0000000E+00
         1       261  0.1596213E-19  0.3700743E-16  0.0000000E+00
         1       262  0.1359017E-19  0.3700743E-17  0.7290233E-14
         1       263  0.1833968E-16  0.6393034E-13  0.0000000E+00
         1       264  0.6268044E-20  0.0000000E+00  0.0000000E+00
         1       265  0.1690129E-19  0.1554312E-15  0.0000000E+00
         1       266  0.1482789E-19  0.4810966E-16  0.0000000E+00
         1       267  0.7345658E-20  0.3700743E-17  0.7290233E-14
         1       268  0.2618287E-17  0.6395255E-13  0.0000000E+00
         1       269  0.1100202E-19  0.0000000E+00  0.0000000E+00
         1       270  0.9657395E-20  0.4440892E-16  0.0000000E+00
         1       271  0.1016683E-19  0.6661338E-16  0.0000000E+00
         1       272  0.8140928E-20  0.3700743E-17  0.7290233E-14
         1       273  0.2665848E-17  0.6393404E-13  0.0000000E+00
         1       274  0.6028051E-20  0.0000000E+00  0.0000000E+00
         1       275  0.1065510E-19  0.2960595E-16  0.0000000E+00
         1       276  0.1177292E-19  0.2960595E-16  0.0000000E+00
         1       277  0.1085379E-19  0.3700743E-17  0.0000000E+00
         1       278  0.1205110E-19  0.0000000E+00  0.0000000E+00
         1       279  0.6628033E-20  0.0000000E+00  0.0000000E+00
         1       280  0.1207257E-19  0.0000000E+00  0.0000000E+00
         1       281  0.1205375E-19  0.0000000E+00  0.0000000E+00
         1       282  0.6653914E-20  0.0000000E+00  0.0000000E+00
         1       283  0.6672737E-20  0.0000000E+00  0.0000000E+00
         1       284  0.4793235E-19  0.1406282E-15  0.0000000E+00
         1       285  0.3051671E-20  0.0000000E+00  0.0000000E+00
         1       286  0.4235165E-20  0.0000000E+00  0.0000000E+00
         1       287  0.6675090E-20  0.0000000E+00  0.0000000E+00
         1       288  0.2492567E-19  0.1554312E-15  0.0000000E+00
         1       289  0.1726009E-19  0.5921189E-16  0.0000000E+00
         1       290  0.1167979E-19  0.7401487E-17  0.0000000E+00
         1       291  0.3134022E-20  0.0000000E+00  0.0000000E+00
         1       292  0.1875707E-19  0.0000000E+00  0.0000000E+00
         1       293  0.1660304E-19  0.7031412E-16  0.0000000E+00
         1       294  0.1099261E-19  0.1110223E-16  0.0000000E+00
         1       295  0.1332665E-19  0.0000000E+00  0.0000000E+00
         1       296  0.6738618E-20  0.0000000E+00  0.0000000E+00
         1       297  0.1328901E-19  0.0000000E+00  0.0000000E+00
         1       298  0.1154318E-19  0.0000000E+00  0.0000000E+00
         1       299  0.1271020E-19  0.0000000E+00  0.0000000E+00
         1       300  0.2282606E-18  0.1369275E-15  0.0000000E+00
         1       301  0.2559922E-20  0.0000000E+00  0.0000000E+00
         1       302  0.5552772E-20  0.0000000E+00  0.0000000E+00
         1       303  0.9754996E-20  0.0000000E+00  0.0000000E+00
         1       304  0.3323356E-18  0.5551115E-16  0.0000000E+00
         1       305  0.9999842E-20  0.0000000E+00  0.0000000E+00
         1       306  0.1362853E-18  0.3672026E-12  0.0000000E+00
         1       307  0.5583984E-20  0.4440892E-16  0.0000000E+00
         1       308  0.7144626E-19  0.9621933E-16  0.0000000E+00
         1       309  0.1423015E-19  0.3700743E-17  0.0000000E+00
         1       310  0.6416844E-18  0.1273056E-14  0.0000000E+00
         1       311  0.1748186E-19  0.1850372E-16  0.0000000E+00
         1       312  0.5916694E-18  0.4921989E-15  0.0000000E+00
         1       313  0.1089378E-19  0.7401487E-17  0.0000000E+00
         1       314  0.5364328E-17  0.1019925E-13  0.0000000E+00
         1       315  0.1148200E-19  0.1110223E-16  0.0000000E+00
         1       316  0.1135340E-17  0.9070522E-14  0.0000000E+00
         1       317  0.1571717E-19  0.2960595E-16  0.0000000E+00
         1       318  0.3352776E-17  0.3671582E-12  0.0000000E+00
         1       319  0.1335503E-19  0.1850372E-16  0.0000000E+00
         1       320  0.4388938E-18  0.1931788E-14  0.0000000E+00
         1       321  0.1932647E-19  0.3700743E-17  0.0000000E+00
         1       322  0.1026800E-19  0.0000000E+00  0.0000000E+00
         1       323  0.4293986E-20  0.0000000E+00  0.0000000E+00
         1       324  0.2001936E-18  0.2224147E-14  0.0000000E+00
