 14.72250000000000     0.0000000000000000E+000
 14.00861177808969      1.000000000000000
 8.593626002792755      2.000000000000000
 7.927646241186107      3.000000000000000
 4.759977000154074      4.000000000000000
 4.415396351626782      5.000000000000000
 4.160815303211239      6.000000000000000
 4.104196575544551      7.000000000000000
 4.159323882519070      8.000000000000000
 17.62078603801449      9.000000000000000
 18.89939452633261      10.00000000000000
 19.23198361701639      11.00000000000000
 19.74072831092017      12.00000000000000
 19.18160504192070      13.00000000000000
 4.184901666324238      14.00000000000000
 3.846965404783187      15.00000000000000
 3.770745091014514      16.00000000000000
 3.775407792128275      17.00000000000000
 4.600792608686769      18.00000000000000
 8.615226517291033      19.00000000000000
 9.448305305310779      20.00000000000000
 16.16997518122068      21.00000000000000
 17.36195408207831      22.00000000000000
 18.65468506638843      23.00000000000000
 18.99113342080683      24.00000000000000
 19.51885451083457      25.00000000000000
 18.99081882354123      26.00000000000000
 16.16887227265777      27.00000000000000
 9.445705854467150      28.00000000000000
 8.612504380798709      29.00000000000000
 4.597985932498046      30.00000000000000
 4.207766516902520      31.00000000000000
 3.861211257591512      32.00000000000000
 3.782880620371920      33.00000000000000
 3.668761455099541      34.00000000000000
 3.794909026099825      35.00000000000000
 4.648057558671999      36.00000000000000
 8.804071598123898      37.00000000000000
 9.663040589807828      38.00000000000000
 16.57678414713641      39.00000000000000
 17.80082598490826      40.00000000000000
 19.12786231220250      41.00000000000000
 19.47316663461469      42.00000000000000
 20.01508547387905      43.00000000000000
 19.47412530301774      44.00000000000000
 16.58014502692242      45.00000000000000
 9.670961864597636      46.00000000000000
 8.812366731391702      47.00000000000000
 4.656610308723497      48.00000000000000
 4.248905094415115      49.00000000000000
 3.885203400009342      50.00000000000000
 3.802691514203087      51.00000000000000
 3.676385074027994      52.00000000000000
 3.790718403554505      53.00000000000000
 4.606768863888981      54.00000000000000
 8.621680156499133      55.00000000000000
 9.454626226037160      56.00000000000000
 16.17410834022619      57.00000000000000
 17.36556653256645      58.00000000000000
 18.65770501579545      59.00000000000000
 18.99399486481036      60.00000000000000
 19.52113570512530      61.00000000000000
 18.99239508609158      62.00000000000000
 16.16849986920443      63.00000000000000
 9.441407591946357      64.00000000000000
 8.607837645752907      65.00000000000000
 4.592496454914276      66.00000000000000
 4.202386628440792      67.00000000000000
 3.856007359139599      68.00000000000000
 3.777731369865715      69.00000000000000
 3.663663153410733      70.00000000000000
 3.789612206803271      71.00000000000000
 4.641953784441366      72.00000000000000
 8.797054647831580      73.00000000000000
 9.656075986898927      74.00000000000000
 16.57140733468232      75.00000000000000
 17.79586924725500      76.00000000000000
 19.12339029457330      77.00000000000000
 19.46882528142920      78.00000000000000
 20.01127872895232      79.00000000000000
 19.47106122959003      80.00000000000000
 16.57924607532734      81.00000000000000
 9.674551154893308      82.00000000000000
 8.816401783832450      83.00000000000000
 4.661901772386308      84.00000000000000
 4.254141311840119      85.00000000000000
 3.890317127270683      86.00000000000000
 3.807763675971747      87.00000000000000
 3.681444084405562      88.00000000000000
 3.796011806391986      89.00000000000000
 4.612981305804679      90.00000000000000
 8.629238746212472      91.00000000000000
 9.462213001138911      92.00000000000000
 16.18071219998748      93.00000000000000
 17.37185224863321      94.00000000000000
 18.66361528994003      95.00000000000000
 18.99980271902455      96.00000000000000
 19.52645624365818      97.00000000000000
 18.99693750708781      98.00000000000000
 16.17066739945992      99.00000000000000
 9.438538359302747      100.0000000000000
 8.604446738068596      101.0000000000000
 4.587419347716255      102.0000000000000
 4.197310253969817      103.0000000000000
 3.850999596678544      104.0000000000000
 3.772751962070398      105.0000000000000
 3.658659058962487      106.0000000000000
 3.784338568957779      107.0000000000000
 4.635651861801096      108.0000000000000
 8.788977763199078      109.0000000000000
 9.647890471156000      110.0000000000000
 16.56359682345772      111.0000000000000
 17.78827396604036      112.0000000000000
 19.11606001763663      113.0000000000000
 19.46156886358835      114.0000000000000
 20.00446082915396      115.0000000000000
 19.46505449017077      116.0000000000000
 16.57581666077049      117.0000000000000
 9.676691468336664      118.0000000000000
 8.819138074032754      119.0000000000000
 4.666748842609945      120.0000000000000
 4.259042165110484      121.0000000000000
 3.895203458591228      122.0000000000000
 3.812634951026117      123.0000000000000
 3.686377807912806      124.0000000000000
 3.801249391756235      125.0000000000000
 4.619353245850208      126.0000000000000
 8.637808980522120      127.0000000000000
 9.470971976776681      128.0000000000000
 16.18970524012031      129.0000000000000
 17.38073363717281      130.0000000000000
 18.67234293030444      131.0000000000000
 19.00848528923958      132.0000000000000
 19.53475044782078      133.0000000000000
 19.00439001327598      134.0000000000000
 16.17534810666289      135.0000000000000
 9.437133575360361      136.0000000000000
 8.602373516311312      137.0000000000000
 4.582817284513649      138.0000000000000
 4.192600058054216      139.0000000000000
 3.846249787802016      140.0000000000000
 3.768003864559601      141.0000000000000
 3.653810944069241      142.0000000000000
 3.779153212216976      143.0000000000000
 4.629229583916567      144.0000000000000
 8.779940648151456      145.0000000000000
 9.638585087485069      146.0000000000000
 16.55344902918011      147.0000000000000
 17.77813390010629      148.0000000000000
 19.10596196892779      149.0000000000000
 19.45148695688451      150.0000000000000
 19.99471593705431      151.0000000000000
 19.45617923407923      152.0000000000000
 16.56989911716001      153.0000000000000
 9.677356384140296      154.0000000000000
 8.820541824256956      155.0000000000000
 4.671091685442420      156.0000000000000
 4.263547156357237      157.0000000000000
 3.899802075366095      158.0000000000000
 3.817245206621211      159.0000000000000
 3.691125340918920      160.0000000000000
 3.806366505038046      161.0000000000000
 4.625806026540345      162.0000000000000
 8.647285065419787      163.0000000000000
 9.480795029052379      164.0000000000000
 16.20097644735170      165.0000000000000
 17.39210106317912      166.0000000000000
 18.68378019980452      167.0000000000000
 19.01993539473318      168.0000000000000
 19.54591593101894      169.0000000000000
 19.01466060827990      170.0000000000000
 16.18248421050562      171.0000000000000
 9.437210581269829      172.0000000000000
 8.601643573064852      173.0000000000000
 4.578747074804823      174.0000000000000
 4.175799303938273      175.0000000000000
 3.831298154632819      176.0000000000000
 3.753533050700551      177.0000000000000
 3.747561139375839      178.0000000000000
 17.46300253802249      179.0000000000000
 18.80130862273458      180.0000000000000
 19.14976680325024      181.0000000000000
 19.71080861838651      182.0000000000000
 19.20562162698238      183.0000000000000
 4.610787789600630      184.0000000000000
 4.262261700843160      185.0000000000000
 4.182596047822219      186.0000000000000
 4.128825094932511      187.0000000000000
 4.789584073972456      188.0000000000000
 7.965611664159491      189.0000000000000
 8.632190732942355      190.0000000000000
 14.04654158709042      191.0000000000000
 14.75987798386047      192.0000000000000
 15.04853881227221      193.0000000000000
 10.83179396399443      194.0000000000000
 9.426528896810455      195.0000000000000
 6.302601059124190      196.0000000000000
 5.405745106000039      197.0000000000000
 3.205531157194462      198.0000000000000
 3.661956441852810      199.0000000000000
 3.525444056388708      200.0000000000000
 3.238161565804909      201.0000000000000
 2.604908124940396      202.0000000000000
 2.065254820081138      203.0000000000000
 4.016855779359259      204.0000000000000
 21.04319266446227      205.0000000000000
 21.05000832896224      206.0000000000000
 4.031869398626132      207.0000000000000
 2.083926463003033      208.0000000000000
 2.646283969728765      209.0000000000000
 3.287960732921169      210.0000000000000
 3.577797642874616      211.0000000000000
 3.709321505276495      212.0000000000000
 3.237374996085543      213.0000000000000
 5.431300067301420      214.0000000000000
 6.329112972988357      215.0000000000000
 9.454866047143868      216.0000000000000
 10.86041907157165      217.0000000000000
 15.06152485356798      218.0000000000000
 14.76995544078611      219.0000000000000
 14.04950158071400      220.0000000000000
 8.653484529665702      221.0000000000000
 7.996636549618146      222.0000000000000
 4.897419725384722      223.0000000000000
 4.562289325288234      224.0000000000000
 4.313972212167352      225.0000000000000
 4.258616913426160      226.0000000000000
 4.321837966941132      227.0000000000000
 17.71416007842462      228.0000000000000
 18.97557322623679      229.0000000000000
 19.30357691911574      230.0000000000000
 19.77522878999417      231.0000000000000
 19.13644963892144      232.0000000000000
 3.403935997186762      233.0000000000000
 3.109920395416966      234.0000000000000
 3.046345967261985      235.0000000000000
 3.055428438651906      236.0000000000000
 3.804645564916081      237.0000000000000
 7.917648087611585      238.0000000000000
 8.813267504912417      239.0000000000000
 16.28360944597434      240.0000000000000
 17.64530120105930      241.0000000000000
 19.12707981771457      242.0000000000000
 19.51350240882565      243.0000000000000
 20.16300965075797      244.0000000000000
 19.68008785771454      245.0000000000000
 4.096646636470503      246.0000000000000
 3.994685143590999      247.0000000000000
 4.137104050472871      248.0000000000000
 21.40811691116772      249.0000000000000
 21.93687718642234      250.0000000000000
 21.23265327196437      251.0000000000000
 2.835338731989063      252.0000000000000
 2.741249355611886      253.0000000000000
 2.836335279832277      254.0000000000000
 21.27521811869747      255.0000000000000
 21.98057112758002      256.0000000000000
 21.45046307013670      257.0000000000000
 4.136478153072296      258.0000000000000
 3.993122933487748      259.0000000000000
 4.094079309211648      260.0000000000000
 19.63951108937661      261.0000000000000
 20.12158101343930      262.0000000000000
 19.47357036595565      263.0000000000000
 16.25083677662692      264.0000000000000
 8.797948515724819      265.0000000000000
 7.904571720173404      266.0000000000000
 3.803120091943873      267.0000000000000
 3.429141773012030      268.0000000000000
 3.123207283035611      269.0000000000000
 3.056723145892700      270.0000000000000
 3.049421919658276      271.0000000000000
 17.33356148766597      272.0000000000000
 18.79046670562601      273.0000000000000
 19.17046480611408      274.0000000000000
 19.80985134512919      275.0000000000000
 19.33684109742973      276.0000000000000
 4.757975680584372      277.0000000000000
 4.400882689324652      278.0000000000000
 4.318881819201264      279.0000000000000
 4.254274376856670      280.0000000000000
 4.889929916077518      281.0000000000000
 7.980106906550599      282.0000000000000
 8.635495542029105      283.0000000000000
 14.02167823707817      284.0000000000000
 14.74099985146329      285.0000000000000
 15.03211930109936      286.0000000000000
 10.84023277270028      287.0000000000000
 9.437502793729230      288.0000000000000
 6.318005020336244      289.0000000000000
 5.421980519984722      290.0000000000000
 3.233581382677476      291.0000000000000
 3.706850167811039      292.0000000000000
 3.577236176663999      293.0000000000000
 3.288163352147139      294.0000000000000
 2.648278784443079      295.0000000000000
 2.088048621380539      296.0000000000000
 4.040267569788863      297.0000000000000
 21.09240194551861      298.0000000000000
 21.08507211115196      299.0000000000000
 4.024121331594391      300.0000000000000
 2.067968400299915      301.0000000000000
 2.603781569376181      302.0000000000000
 3.234607364090373      303.0000000000000
 3.520933065288214      304.0000000000000
 3.655911910849746      305.0000000000000
 3.199335262629923      306.0000000000000
 5.394497706887645      307.0000000000000
 6.289493062717476      308.0000000000000
 9.407027904836568      309.0000000000000
 10.80944820323257      310.0000000000000
 15.01815360020901      311.0000000000000
 14.73016215689931      312.0000000000000
