 15.54050000000000     0.0000000000000000E+000
 14.73641268022479      1.000000000000000
 8.654260054629670      2.000000000000000
 7.909441524835051      3.000000000000000
 4.392923350622571      4.000000000000000
 4.016643822487446      5.000000000000000
 3.740913564172030      6.000000000000000
 3.680001256115238      7.000000000000000
 3.705946304553786      8.000000000000000
 17.24678974883810      9.000000000000000
 18.56832081853203      10.00000000000000
 18.91244963926682      11.00000000000000
 19.43422659357000      12.00000000000000
 18.84082858960556      13.00000000000000
 3.563308406225097      14.00000000000000
 3.267854658638704      15.00000000000000
 3.203426449003097      16.00000000000000
 3.236971440458784      17.00000000000000
 4.068829782135433      18.00000000000000
 8.364869513430840      19.00000000000000
 9.276090092261757      20.00000000000000
 16.72318779958508      21.00000000000000
 18.05509512664254      22.00000000000000
 19.50184473117169      23.00000000000000
 19.87872848600598      24.00000000000000
 20.47457815565950      25.00000000000000
 19.89493398353521      26.00000000000000
 16.77967838694395      27.00000000000000
 9.406245548885154      28.00000000000000
 8.500488667874460      29.00000000000000
 4.201196167212773      30.00000000000000
 3.796194101306305      31.00000000000000
 3.441790798048503      32.00000000000000
 3.362684451068102      33.00000000000000
 3.239601229107384      34.00000000000000
 3.341044497454027      35.00000000000000
 4.110930790103957      36.00000000000000
 8.153704589194248      37.00000000000000
 9.012613927057799      38.00000000000000
 16.03882895039416      39.00000000000000
 17.29623934907879      40.00000000000000
 18.66230956955881      41.00000000000000
 19.01821327974511      42.00000000000000
 19.57388916320886      43.00000000000000
 19.00626208542744      44.00000000000000
 15.99716839752138      45.00000000000000
 8.916627170044762      46.00000000000000
 8.053688476450244      47.00000000000000
 4.013313522486240      48.00000000000000
 3.643945773535465      49.00000000000000
 3.325649828653383      50.00000000000000
 3.255547834373080      51.00000000000000
 3.157336588161419      52.00000000000000
 3.279726833169711      53.00000000000000
 4.114169859029944      54.00000000000000
 8.441161202623052      55.00000000000000
 9.356444125303307      56.00000000000000
 16.82494270583457      57.00000000000000
 18.15929331744982      58.00000000000000
 19.60839838954733      59.00000000000000
 19.98584962151773      60.00000000000000
 20.58025721985924      61.00000000000000
 19.99304734944326      62.00000000000000
 16.85003319610981      63.00000000000000
 9.414253122719680      64.00000000000000
 8.501396920373454      65.00000000000000
 4.172960847986259      66.00000000000000
 3.766133422814457      67.00000000000000
 3.410520171756160      68.00000000000000
 3.331218065178764      69.00000000000000
 3.206881302077095      70.00000000000000
 3.305509900682974      71.00000000000000
 4.065725998763725      72.00000000000000
 8.089419043792731      73.00000000000000
 8.946620582227521      74.00000000000000
 15.96990750263105      75.00000000000000
 17.22808816348659      76.00000000000000
 18.59527101670133      77.00000000000000
 18.95150722085251      78.00000000000000
 19.51024287553969      79.00000000000000
 18.94936358540464      80.00000000000000
 15.96243502452192      81.00000000000000
 8.929403841423877      82.00000000000000
 8.071479574402527      83.00000000000000
 4.048216800132240      84.00000000000000
 3.679109839523572      85.00000000000000
 3.360465217860387      86.00000000000000
 3.290174723897698      87.00000000000000
 3.192125839505541      88.00000000000000
 3.316338306246505      89.00000000000000
 4.157351305194046      90.00000000000000
 8.490755602512998      91.00000000000000
 9.405320450878875      92.00000000000000
 16.85815206656906      93.00000000000000
 18.18855104067316      94.00000000000000
 19.63312185084529      95.00000000000000
 20.00935450495984      96.00000000000000
 20.59921242902888      97.00000000000000
 20.00635451513027      98.00000000000000
 16.84769443098978      99.00000000000000
 9.381225846845521      100.0000000000000
 8.465649549256156      101.0000000000000
 4.132847410247928      102.0000000000000
 3.727334659952602      103.0000000000000
 3.373614147142513      104.0000000000000
 3.294876926497755      105.0000000000000
 3.171475762232182      106.0000000000000
 3.269350695489909      107.0000000000000
 4.026371448737947      108.0000000000000
 8.056587188952523      109.0000000000000
 8.916902683776293      110.0000000000000
 15.97379727775819      111.0000000000000
 17.23894590419902      112.0000000000000
 18.61389526690449      113.0000000000000
 18.97218523670109      114.0000000000000
 19.53677044335993      115.0000000000000
 18.98020355182338      116.0000000000000
 16.00174824501912      117.0000000000000
 8.981302278062689      118.0000000000000
 8.123690165271869      119.0000000000000
 4.091864987904751      120.0000000000000
 3.719922798967812      121.0000000000000
 3.397920431215157      122.0000000000000
 3.326712258549140      123.0000000000000
 3.226668891637707      124.0000000000000
 3.350534989150066      125.0000000000000
 4.191235245337071      126.0000000000000
 8.505453630684963      127.0000000000000
 9.414638700590796      128.0000000000000
 16.81732561905248      129.0000000000000
 18.13803132914421      130.0000000000000
 19.57192776453343      131.0000000000000
 19.94535724443843      132.0000000000000
 20.52831005592235      133.0000000000000
 19.93265550341279      134.0000000000000
 16.77304874265769      135.0000000000000
 9.312623881229612      136.0000000000000
 8.399156408106631      137.0000000000000
 4.087487517708333      138.0000000000000
 3.686212130769560      139.0000000000000
 3.337174129570213      140.0000000000000
 3.259669051893708      141.0000000000000
 3.139237950671795      142.0000000000000
 3.238544820999495      143.0000000000000
 3.999373342335993      144.0000000000000
 8.060636877098329      145.0000000000000
 8.928373276305177      146.0000000000000
 16.04985520746696      147.0000000000000
 17.32701753969723      148.0000000000000
 18.71510330796735      149.0000000000000
 19.07682878091213      150.0000000000000
 19.64908625629138      151.0000000000000
 19.09368343672388      152.0000000000000
 16.10860868941461      153.0000000000000
 9.063742487861280      154.0000000000000
 8.201688650763559      155.0000000000000
 4.137042047508285      156.0000000000000
 3.759637341307742      157.0000000000000
 3.431823269963824      158.0000000000000
 3.359119952737457      159.0000000000000
 3.255254992296506      160.0000000000000
 3.376663392331261      161.0000000000000
 4.210219893402101      162.0000000000000
 8.482825368748987      163.0000000000000
 9.382858355801325      164.0000000000000
 16.70921290373042      165.0000000000000
 18.01608624034052      166.0000000000000
 19.43493290504881      167.0000000000000
 19.80443804285072      168.0000000000000
 20.37927187561642      169.0000000000000
 19.78413443734456      170.0000000000000
 16.63843676134547      171.0000000000000
 9.219788691263510      172.0000000000000
 8.312910325663125      173.0000000000000
 4.044380192396705      174.0000000000000
 3.637045127434181      175.0000000000000
 3.296997428797397      176.0000000000000
 3.221768726160041      177.0000000000000
 3.193037200666412      178.0000000000000
 17.16503367195229      179.0000000000000
 18.57917383565542      180.0000000000000
 18.94790838442444      181.0000000000000
 19.54617055584761      182.0000000000000
 19.02277228315529      183.0000000000000
 4.116745005192633      184.0000000000000
 3.792216121364801      185.0000000000000
 3.719359861004907      186.0000000000000
 3.688957577695634      187.0000000000000
 4.393686570908889      188.0000000000000
 7.878565264993778      189.0000000000000
 8.617309106263118      190.0000000000000
 14.65281511539584      191.0000000000000
 15.45098464674820      192.0000000000000
 15.77407305831167      193.0000000000000
 13.19834587841911      194.0000000000000
 12.09494417282726      195.0000000000000
 9.513781336199564      196.0000000000000
 8.725885068061856      197.0000000000000
 7.234590347791727      198.0000000000000
 8.612017679101832      199.0000000000000
 10.27055091300664      200.0000000000000
 14.18509679042495      201.0000000000000
 12.22097077760277      202.0000000000000
 3.323518731917000      203.0000000000000
 2.450546962925334      204.0000000000000
 4.626964768682988      205.0000000000000
 4.635117372004608      206.0000000000000
 2.479382382478472      207.0000000000000
 3.376716413112506      208.0000000000000
 12.44105138120407      209.0000000000000
 14.44345807166976      210.0000000000000
 10.45914576208608      211.0000000000000
 8.768713915858843      212.0000000000000
 7.363116130104718      213.0000000000000
 8.870638911392227      214.0000000000000
 9.669926662003071      215.0000000000000
 12.28758786971523      216.0000000000000
 13.40628364629890      217.0000000000000
 16.00613698533784      218.0000000000000
 15.67643965500744      219.0000000000000
 14.86188613110569      220.0000000000000
 8.768555426455972      221.0000000000000
 8.028271011208824      222.0000000000000
 4.547256611995458      223.0000000000000
 4.173711627784536      224.0000000000000
 3.898078788450274      225.0000000000000
 3.836840898438298      226.0000000000000
 3.862183340250475      227.0000000000000
 17.06322424238787      228.0000000000000
 18.34369202202951      229.0000000000000
 18.67704645559195      230.0000000000000
 19.17199990187936      231.0000000000000
 18.56702615837646      232.0000000000000
 3.407766801152730      233.0000000000000
 3.131033809241804      234.0000000000000
 3.071555070298582      235.0000000000000
 3.123789598103019      236.0000000000000
 3.977127658348750      237.0000000000000
 8.455397353420441      238.0000000000000
 9.416246074001807      239.0000000000000
 17.36495316511575      240.0000000000000
 18.80628921505443      241.0000000000000
 20.37304295505249      242.0000000000000
 20.78136443489962      243.0000000000000
 21.44913725768116      244.0000000000000
 20.88503023891013      245.0000000000000
 3.619720305718136      246.0000000000000
 3.506744856573114      247.0000000000000
 3.631335172011562      248.0000000000000
 21.39745658514788      249.0000000000000
 21.97523002127154      250.0000000000000
 21.29066230228467      251.0000000000000
 2.881825811047310      252.0000000000000
 2.789720882682693      253.0000000000000
 2.901296170104433      254.0000000000000
 22.14965841119608      255.0000000000000
 22.85713556763648      256.0000000000000
 22.25120832834505      257.0000000000000
 3.613999242476009      258.0000000000000
 3.471533833622148      259.0000000000000
 3.564970165720961      260.0000000000000
 20.08813644905675      261.0000000000000
 20.63637453305168      262.0000000000000
 19.99979257543158      263.0000000000000
 16.72956141645756      264.0000000000000
 9.132741350451855      265.0000000000000
 8.216393337131944      266.0000000000000
 3.961779097533428      267.0000000000000
 3.563483763002568      268.0000000000000
 3.232960072670125      269.0000000000000
 3.160216321252947      270.0000000000000
 3.141107733680481      271.0000000000000
 17.37219501016114      272.0000000000000
 18.81382235231714      273.0000000000000
 19.18973687759076      274.0000000000000
 19.80334549255216      275.0000000000000
 19.28040537048579      276.0000000000000
 4.196451648471076      277.0000000000000
 3.860379742630403      278.0000000000000
 3.784577678187400      279.0000000000000
 3.743854390093411      280.0000000000000
 4.432809282266099      281.0000000000000
 7.876407984766345      282.0000000000000
 8.613651219410656      283.0000000000000
 14.70506501831025      284.0000000000000
 15.52129853044198      285.0000000000000
 15.85176419569674      286.0000000000000
 13.30941313972242      287.0000000000000
 12.20432427919358      288.0000000000000
 9.617561928037004      289.0000000000000
 8.827382627819393      290.0000000000000
 7.361582160787115      291.0000000000000
 8.793075081200989      292.0000000000000
 10.51579805015616      293.0000000000000
 14.57936200869822      294.0000000000000
 12.57769755111670      295.0000000000000
 3.435993948085589      296.0000000000000
 2.536627294232296      297.0000000000000
 4.754081695276568      298.0000000000000
 4.740632580101352      299.0000000000000
 2.489058332098775      300.0000000000000
 3.348235263745428      301.0000000000000
 12.21463691037453      302.0000000000000
 14.15315083526091      303.0000000000000
 10.20467855290371      304.0000000000000
 8.534577807075237      305.0000000000000
 7.149556874983293      306.0000000000000
 8.588586376584885      307.0000000000000
 9.359973475863271      308.0000000000000
 11.88652551418388      309.0000000000000
 12.96638418575928      310.0000000000000
 15.46893501102269      311.0000000000000
 15.14937188894015      312.0000000000000
