 8.511690000000000     0.0000000000000000E+000
 8.834305020782047      1.000000000000000
 12.49443624974589      2.000000000000000
 13.18203601678512      3.000000000000000
 18.40572188964085      4.000000000000000
 19.45067667609921      5.000000000000000
 20.41670375218958      6.000000000000000
 20.66658133317702      7.000000000000000
 20.43058360340930      8.000000000000000
 5.013890515179218      9.000000000000000
 4.614731360230006      10.00000000000000
 4.522185683713384      11.00000000000000
 4.378161979501346      12.00000000000000
 4.502071853067201      13.00000000000000
 17.86786844269834      14.00000000000000
 19.12111072955244      15.00000000000000
 19.44688784591699      16.00000000000000
 19.35203621284488      17.00000000000000
 16.32356523106220      18.00000000000000
 9.344743548543741      19.00000000000000
 8.491983431337045      20.00000000000000
 4.453109535493956      21.00000000000000
 4.068951751565875      22.00000000000000
 3.730058658132247      23.00000000000000
 3.653890629951796      24.00000000000000
 3.540268604572683      25.00000000000000
 3.654191782672958      26.00000000000000
 4.454360005941687      27.00000000000000
 8.496755302677261      28.00000000000000
 9.350160985757235      29.00000000000000
 16.33380200485911      30.00000000000000
 17.59344368421778      31.00000000000000
 18.96094325456361      32.00000000000000
 19.31706564358656      33.00000000000000
 19.87986523751638      34.00000000000000
 19.33222461198370      35.00000000000000
 16.38678528527233      36.00000000000000
 9.474140855380046      37.00000000000000
 8.626503505809566      38.00000000000000
 4.587638724638292      39.00000000000000
 4.198572975244544      40.00000000000000
 3.853237265776501      41.00000000000000
 3.775219134581233      42.00000000000000
 3.658566917193569      43.00000000000000
 3.774993238905331      44.00000000000000
 4.586700742521148      45.00000000000000
 8.622924108958969      46.00000000000000
 9.470077217381922      47.00000000000000
 16.37910664658399      48.00000000000000
 17.62254421190993      49.00000000000000
 18.97182878964160      50.00000000000000
 19.32311125731572      51.00000000000000
 19.87048683740324      52.00000000000000
 19.30795124783547      53.00000000000000
 16.32611972740078      54.00000000000000
 9.346088833106338      55.00000000000000
 8.493166995017985      56.00000000000000
 4.453412870548136      57.00000000000000
 4.069148233675447      58.00000000000000
 3.730150921603065      59.00000000000000
 3.653957575116378      60.00000000000000
 3.540260480116144      61.00000000000000
 3.654108208578511      62.00000000000000
 4.454038342873647      63.00000000000000
 8.495553835482417      64.00000000000000
 9.348798578913124      65.00000000000000
 16.33124005529348      66.00000000000000
 17.59067913313360      67.00000000000000
 18.95796187742264      68.00000000000000
 19.31402828388271      69.00000000000000
 19.87674061305773      70.00000000000000
 19.32918898758593      71.00000000000000
 16.38422940090890      72.00000000000000
 9.472792640993884      73.00000000000000
 8.625316891396247      74.00000000000000
 4.587332318503630      75.00000000000000
 4.198373531903691      76.00000000000000
 3.853142186096604      77.00000000000000
 3.775149414958550      78.00000000000000
 3.658572334805052      79.00000000000000
 3.775074047156644      80.00000000000000
 4.587019370280460      81.00000000000000
 8.624122661928631      82.00000000000000
 9.471436849377131      83.00000000000000
 16.38166750096445      84.00000000000000
 17.62530803392268      85.00000000000000
 18.97480984950824      86.00000000000000
 19.32614840920149      87.00000000000000
 19.87361160494781      88.00000000000000
 19.31098735815146      89.00000000000000
 16.32867694131034      90.00000000000000
 9.347439946468837      91.00000000000000
 8.494356633013865      92.00000000000000
 4.453722340752630      93.00000000000000
 4.069350633684239      94.00000000000000
 3.730248815316541      95.00000000000000
 3.654030067601898      96.00000000000000
 3.540257769473591      97.00000000000000
 3.654030168019139      98.00000000000000
 4.453722757713152      99.00000000000000
 8.494358224160623      100.0000000000000
 9.347441752874969      101.0000000000000
 16.32868035469020      102.0000000000000
 17.58791610342813      103.0000000000000
 18.95498120303657      104.0000000000000
 19.31099140930462      105.0000000000000
 19.87361577392146      106.0000000000000
 19.32615246081748      107.0000000000000
 16.38167091596192      108.0000000000000
 9.471438659568376      109.0000000000000
 8.624124257036605      110.0000000000000
 4.587019791309962      111.0000000000000
 4.198168179857865      112.0000000000000
 3.853041480589354      113.0000000000000
 3.775074151268815      114.0000000000000
 3.658572338416651      115.0000000000000
 3.775149318238507      116.0000000000000
 4.587331905621552      117.0000000000000
 8.625315304246939      118.0000000000000
 9.472790838414010      119.0000000000000
 16.38422598922448      120.0000000000000
 17.62807020810259      121.0000000000000
 18.97779007021573      122.0000000000000
 19.32918493698803      123.0000000000000
 19.87673644417928      124.0000000000000
 19.31402423189649      125.0000000000000
 16.33123663875654      126.0000000000000
 9.348796764978323      127.0000000000000
 8.495552236449875      128.0000000000000
 4.454037917784950      129.0000000000000
 4.069558933068748      130.0000000000000
 3.730352330313517      131.0000000000000
 3.654108100773903      132.0000000000000
 3.540260472893109      133.0000000000000
 3.653957668137061      134.0000000000000
 4.453413279342334      135.0000000000000
 8.493168578133375      136.0000000000000
 9.346090631818525      137.0000000000000
 16.32612313731125      138.0000000000000
 17.58515484797191      139.0000000000000
 18.95200150419463      140.0000000000000
 19.30795529778491      141.0000000000000
 19.87049100609065      142.0000000000000
 19.32311530957911      143.0000000000000
 16.37911006458202      144.0000000000000
 9.470079035018738      145.0000000000000
 8.622925711879477      146.0000000000000
 4.586701171659345      147.0000000000000
 4.197956937900534      148.0000000000000
 3.852935158471057      149.0000000000000
 3.774993350399923      150.0000000000000
 3.658566928027862      151.0000000000000
 3.775219045261992      152.0000000000000
 4.587638319941237      153.0000000000000
 8.626501926764043      154.0000000000000
 9.474139060576388      155.0000000000000
 16.38678187721324      156.0000000000000
 17.63083048165764      157.0000000000000
 18.98076917901665      158.0000000000000
 19.33222056277472      159.0000000000000
 19.87986106911479      160.0000000000000
 19.31706159113822      161.0000000000000
 16.33379858547784      162.0000000000000
 9.350159164459781      163.0000000000000
 8.496753695905275      164.0000000000000
 4.454359572763691      165.0000000000000
 4.069773112765531      166.0000000000000
 3.730461457120339      167.0000000000000
 3.654191667490819      168.0000000000000
 3.540268590127249      169.0000000000000
 3.653890715567388      170.0000000000000
 4.453109936084402      171.0000000000000
 8.491985006276208      172.0000000000000
 9.344745339397404      173.0000000000000
 16.32356863719132      174.0000000000000
 17.62696700817138      175.0000000000000
 18.99562794389321      176.0000000000000
 19.35204027122102      177.0000000000000
 19.44689192514154      178.0000000000000
 4.959013342445576      179.0000000000000
 4.587818962335433      180.0000000000000
 4.502072124214756      181.0000000000000
 4.378162148256546      182.0000000000000
 4.522185758220410      183.0000000000000
 18.76967756755295      184.0000000000000
 20.08802395702609      185.0000000000000
 20.43057968345032      186.0000000000000
 20.66657730727586      187.0000000000000
 18.40571820906249      188.0000000000000
 13.18203325587458      189.0000000000000
 12.49443362863477      190.0000000000000
 8.834303286217276      191.0000000000000
 8.511688362020132      192.0000000000000
 8.388739210494737      193.0000000000000
 11.81491995980548      194.0000000000000
 13.21554362301850      195.0000000000000
 17.14427838736190      196.0000000000000
 18.56996924029884      197.0000000000000
 15.33888431722275      198.0000000000000
 6.878744635098693      199.0000000000000
 2.450627483541847      200.0000000000000
 1.548166242826409      201.0000000000000
0.2889824158962253      202.0000000000000
 3.464579436761528      203.0000000000000
 4.125527193496187      204.0000000000000
0.9276724754159331      205.0000000000000
0.9522780012937716      206.0000000000000
 4.328736592944500      207.0000000000000
 3.629123053466369      208.0000000000000
0.2762242457327801      209.0000000000000
 1.582759299003178      210.0000000000000
 2.524011778605852      211.0000000000000
 7.141612469835082      212.0000000000000
 15.96583972698361      213.0000000000000
 19.36374830332676      214.0000000000000
 17.88174438559182      215.0000000000000
 13.79613666605136      216.0000000000000
 12.33883024049576      217.0000000000000
 8.785932098828727      218.0000000000000
 8.916967155957371      219.0000000000000
 9.260025487765526      220.0000000000000
 13.10848993265669      221.0000000000000
 13.82464327925324      222.0000000000000
 19.23842878367743      223.0000000000000
 20.31543679063236      224.0000000000000
 21.31001311977816      225.0000000000000
 21.56711911226153      226.0000000000000
 21.34102061395473      227.0000000000000
 5.477953406171788      228.0000000000000
 5.039668903395043      229.0000000000000
 4.936980684143244      230.0000000000000
 4.776982923380773      231.0000000000000
 4.915129470112225      232.0000000000000
 18.68293961849387      233.0000000000000
 19.94434760123793      234.0000000000000
 20.27192600935434      235.0000000000000
 20.17273444596182      236.0000000000000
 17.11179859648279      237.0000000000000
 9.988941550726619      238.0000000000000
 9.109278660529954      239.0000000000000
 4.855162326409224      240.0000000000000
 4.434058078462938      241.0000000000000
 4.055249748722320      242.0000000000000
 3.968717171617180      243.0000000000000
 3.834596034342163      244.0000000000000
 3.950144701021586      245.0000000000000
 20.61930311428497      246.0000000000000
 21.18140889614041      247.0000000000000
 20.62142787166681      248.0000000000000
 3.968134136848803      249.0000000000000
 3.852272698796579      250.0000000000000
 3.986964719994329      251.0000000000000
 21.44542194163120      252.0000000000000
 22.02912208478788      253.0000000000000
 21.44542201817386      254.0000000000000
 3.986965368049208      255.0000000000000
 3.852273335584124      256.0000000000000
 3.968134794201978      257.0000000000000
 20.62142835508699      258.0000000000000
 21.18140931473011      259.0000000000000
 20.61930344566902      260.0000000000000
 3.950144071148269      261.0000000000000
 3.834595406283437      262.0000000000000
 3.968716513976430      263.0000000000000
 4.855161550328788      264.0000000000000
 9.109277676259579      265.0000000000000
 9.988940552523403      266.0000000000000
 17.11179762627139      267.0000000000000
 18.43057060251098      268.0000000000000
 19.81306852570787      269.0000000000000
 20.17273353345678      270.0000000000000
 20.27192523472148      271.0000000000000
 5.418229045282486      272.0000000000000
 5.010420027749664      273.0000000000000
 4.915130127945316      274.0000000000000
 4.776983605200731      275.0000000000000
 4.936981425931005      276.0000000000000
 19.66232193053795      277.0000000000000
 20.99505399241125      278.0000000000000
 21.34102330292450      279.0000000000000
 21.56712174778653      280.0000000000000
 19.23843097814316      281.0000000000000
 13.82464441856501      282.0000000000000
 13.10849092783592      283.0000000000000
 9.260025673984417      284.0000000000000
 8.916967265647941      285.0000000000000
 8.785932178986243      286.0000000000000
 12.33883001889010      287.0000000000000
 13.79613637722614      288.0000000000000
 17.88174389917142      289.0000000000000
 19.36374774258269      290.0000000000000
 15.96583908443369      291.0000000000000
 7.141612082506924      292.0000000000000
 2.524011555407744      293.0000000000000
 1.582759121487809      294.0000000000000
0.2762242164652190      295.0000000000000
 3.629123390387778      296.0000000000000
 4.328736861776553      297.0000000000000
0.9522779062297955      298.0000000000000
0.9276723254658812      299.0000000000000
 4.125527009041189      300.0000000000000
 3.464579406645330      301.0000000000000
0.2889824150875506      302.0000000000000
 1.548165988146374      303.0000000000000
 2.450627096649773      304.0000000000000
 6.878743661406955      305.0000000000000
 15.33888227616084      306.0000000000000
 18.56996690891921      307.0000000000000
 17.14427625592014      308.0000000000000
 13.21554203909905      309.0000000000000
 11.81491856954445      310.0000000000000
 8.388738404657811      311.0000000000000
 8.511687567679509      312.0000000000000
