 6.962450000000000     0.0000000000000000E+000
 7.313035776853995      1.000000000000000
 11.44674105424148      2.000000000000000
 12.24328209092855      3.000000000000000
 18.40091957314097      4.000000000000000
 19.64865830236736      5.000000000000000
 20.80560759193594      6.000000000000000
 21.10536872710094      7.000000000000000
 20.98156288113983      8.000000000000000
 5.183238984515950      9.000000000000000
 4.762502575037187      10.00000000000000
 4.664499671107874      11.00000000000000
 4.514912414395801      12.00000000000000
 4.655523382876817      13.00000000000000
 18.79032085017111      14.00000000000000
 20.09751805784261      15.00000000000000
 20.43712309006377      16.00000000000000
 20.27897706860112      17.00000000000000
 16.96260541223791      18.00000000000000
 9.358481134200250      19.00000000000000
 8.435613475673243      20.00000000000000
 4.116249875230127      21.00000000000000
 3.715848098071984      22.00000000000000
 3.367116552051904      23.00000000000000
 3.289592011741050      24.00000000000000
 3.169928484242260      25.00000000000000
 3.271863615853364      26.00000000000000
 4.042287402219774      27.00000000000000
 8.150613208144382      28.00000000000000
 9.034536609692848      29.00000000000000
 16.34653728989812      30.00000000000000
 17.67461557899040      31.00000000000000
 19.11850228354436      32.00000000000000
 19.49484058408374      33.00000000000000
 20.10181766684469      34.00000000000000
 19.55741289248134      35.00000000000000
 16.56470430271706      36.00000000000000
 9.540079814530429      37.00000000000000
 8.678538795358897      38.00000000000000
 4.572018092801867      39.00000000000000
 4.176151950144640      40.00000000000000
 3.824659889724465      41.00000000000000
 3.745228163894131      42.00000000000000
 3.629822202225367      43.00000000000000
 3.758594782080265      44.00000000000000
 4.627783326334279      45.00000000000000
 8.893419475096607      46.00000000000000
 9.784323162885926      47.00000000000000
 17.02919908386566      48.00000000000000
 18.33061567867102      49.00000000000000
 19.74225415034983      50.00000000000000
 20.10968355583423      51.00000000000000
 20.67008372590401      52.00000000000000
 20.04624903069016      53.00000000000000
 16.80802583303503      54.00000000000000
 9.271813812345128      55.00000000000000
 8.358219323560389      56.00000000000000
 4.090753197961810      57.00000000000000
 3.696902281573256      58.00000000000000
 3.354644716596525      59.00000000000000
 3.278707494972227      60.00000000000000
 3.163591366827155      61.00000000000000
 3.269762757716607      62.00000000000000
 4.053435953240699      63.00000000000000
 8.214424446292453      64.00000000000000
 9.108369884565500      65.00000000000000
 16.49719300186385      66.00000000000000
 17.83851975739357      67.00000000000000
 19.29665132836694      68.00000000000000
 19.67667791637477      69.00000000000000
 20.28980873646470      70.00000000000000
 19.74068942383011      71.00000000000000
 16.72037798137319      72.00000000000000
 9.625540873684720      73.00000000000000
 8.754492625447970      74.00000000000000
 4.595350754178764      75.00000000000000
 4.192942812251585      76.00000000000000
 3.835018293855924      77.00000000000000
 3.754014962437406      78.00000000000000
 3.634062904656358      79.00000000000000
 3.758497598597329      80.00000000000000
 4.614052212454743      81.00000000000000
 8.826555124103027      82.00000000000000
 9.707450452451221      83.00000000000000
 16.87615119738619      84.00000000000000
 18.16449878247942      85.00000000000000
 19.56210144476083      86.00000000000000
 19.92589920622504      87.00000000000000
 20.48038274324215      88.00000000000000
 19.86159854530458      89.00000000000000
 16.65195804430378      90.00000000000000
 9.187943293016536      91.00000000000000
 8.284047343200674      92.00000000000000
 4.069689468190200      93.00000000000000
 3.682341874258835      94.00000000000000
 3.346446320531613      95.00000000000000
 3.272057924645527      96.00000000000000
 3.161466147771814      97.00000000000000
 3.272057545832028      98.00000000000000
 4.069687887788708      99.00000000000000
 8.284041253425274      100.0000000000000
 9.187936371095326      101.0000000000000
 16.65194488039860      102.0000000000000
 18.00610242388780      103.0000000000000
 19.47799763497778      104.0000000000000
 19.86158289380764      105.0000000000000
 20.48036663843145      106.0000000000000
 19.92588357916355      107.0000000000000
 16.87613811867859      108.0000000000000
 9.707443727952420      109.0000000000000
 8.826549240490703      110.0000000000000
 4.614050838921249      111.0000000000000
 4.205207293651122      112.0000000000000
 3.841019817625122      113.0000000000000
 3.758497404639983      114.0000000000000
 3.634063084251947      115.0000000000000
 3.754015524403720      116.0000000000000
 4.595352534341959      117.0000000000000
 8.754498894003667      118.0000000000000
 9.625547961903802      119.0000000000000
 16.72039117128421      120.0000000000000
 17.99620388402974      121.0000000000000
 19.38037696392025      122.0000000000000
 19.74070502938525      123.0000000000000
 20.28982476885980      124.0000000000000
 19.67669344873343      125.0000000000000
 16.49720593656521      126.0000000000000
 9.108376381405035      127.0000000000000
 8.214430097285915      128.0000000000000
 4.053437113730061      129.0000000000000
 3.672428466226093      130.0000000000000
 3.342668655013149      131.0000000000000
 3.269762765945658      132.0000000000000
 3.163591008443526      133.0000000000000
 3.278706752379982      134.0000000000000
 4.090751226041439      135.0000000000000
 8.358212904411030      136.0000000000000
 9.271806589700432      137.0000000000000
 16.80801267642675      138.0000000000000
 18.17435281338239      139.0000000000000
 19.65928316278896      140.0000000000000
 20.04623354124735      141.0000000000000
 20.67006783801432      142.0000000000000
 20.10966818801981      143.0000000000000
 17.02918635133156      144.0000000000000
 9.784316922918730      145.0000000000000
 8.893414082131741      146.0000000000000
 4.627782384107172      147.0000000000000
 4.212725052507024      148.0000000000000
 3.842556638554740      149.0000000000000
 3.758594959616485      150.0000000000000
 3.629822737785532      151.0000000000000
 3.745229083773200      152.0000000000000
 4.572020247612606      153.0000000000000
 8.678545336238022      154.0000000000000
 9.540087139123900      155.0000000000000
 16.56471736686351      156.0000000000000
 17.82875454426526      157.0000000000000
 19.20034554263752      158.0000000000000
 19.55742819616304      159.0000000000000
 20.10183333878858      160.0000000000000
 19.49485571825208      161.0000000000000
 16.34654976301274      162.0000000000000
 9.034542564729467      163.0000000000000
 8.150618318830997      164.0000000000000
 4.042288121947830      165.0000000000000
 3.667340160279214      166.0000000000000
 3.343379589014137      167.0000000000000
 3.271863253350123      168.0000000000000
 3.169927773913669      169.0000000000000
 3.289590918711361      170.0000000000000
 4.116247547218103      171.0000000000000
 8.435606842475387      172.0000000000000
 9.358473740593007      173.0000000000000
 16.96259249929615      174.0000000000000
 18.38905012432324      175.0000000000000
 19.88832492332706      176.0000000000000
 20.27896198642585      177.0000000000000
 20.43710814242669      178.0000000000000
 5.158677667669060      179.0000000000000
 4.750484099319539      180.0000000000000
 4.655523462264124      181.0000000000000
 4.514912858086248      182.0000000000000
 4.664500503127885      183.0000000000000
 19.29241226935061      184.0000000000000
 20.63330324301939      185.0000000000000
 20.98157928147621      186.0000000000000
 21.10538530181646      187.0000000000000
 18.40093410677499      188.0000000000000
 12.24329154429205      189.0000000000000
 11.44674978281471      190.0000000000000
 7.313040221377964      191.0000000000000
 6.962454011745320      192.0000000000000
 6.829799790586526      193.0000000000000
 8.260937536457639      194.0000000000000
 8.938055439898035      195.0000000000000
 10.79634500917884      196.0000000000000
 11.45882006460026      197.0000000000000
 10.82716263192929      198.0000000000000
 7.306002670621842      199.0000000000000
 4.245120318267215      200.0000000000000
0.7841705097299700      201.0000000000000
0.6734606008791523      202.0000000000000
 3.474798953905574      203.0000000000000
 3.565526385147442      204.0000000000000
0.8319446487579469      205.0000000000000
0.8370830549542284      206.0000000000000
 3.601279499867258      207.0000000000000
 3.506094727444091      208.0000000000000
0.6708128561448942      209.0000000000000
0.7764325670582564      210.0000000000000
 4.240998410942723      211.0000000000000
 7.312529443815854      212.0000000000000
 10.84865938204653      213.0000000000000
 11.49487833461476      214.0000000000000
 10.83224605491045      215.0000000000000
 8.973124428364834      216.0000000000000
 8.295531688829707      217.0000000000000
 6.872121550073690      218.0000000000000
 7.007030660061453      219.0000000000000
 7.363420236151105      220.0000000000000
 11.56112072434673      221.0000000000000
 12.36807992121640      222.0000000000000
 18.60705171253533      223.0000000000000
 19.86914150643653      224.0000000000000
 21.03918075065276      225.0000000000000
 21.34230223623843      226.0000000000000
 21.26688542161198      227.0000000000000
 5.844319760775918      228.0000000000000
 5.402710502446136      229.0000000000000
 5.298679042633457      230.0000000000000
 5.146815432487901      231.0000000000000
 5.319283468943135      232.0000000000000
 20.27147275439885      233.0000000000000
 21.60947639800484      234.0000000000000
 21.95659065615873      235.0000000000000
 21.68159359518144      236.0000000000000
 17.98425957700668      237.0000000000000
 9.537671968345258      238.0000000000000
 8.520245524496168      239.0000000000000
 3.808117792709408      240.0000000000000
 3.382950046143459      241.0000000000000
 3.017524409682260      242.0000000000000
 2.937228533190327      243.0000000000000
 2.802242002796796      244.0000000000000
 2.872021313874242      245.0000000000000
 3.180282215900374      246.0000000000000
 18.41395242562666      247.0000000000000
 20.21305388855346      248.0000000000000
 20.86130468703589      249.0000000000000
 20.31430564651694      250.0000000000000
 18.65446134156102      251.0000000000000
 3.949235657090402      252.0000000000000
 3.574820407457382      253.0000000000000
 3.473221561504171      254.0000000000000
 3.608010397608616      255.0000000000000
 4.036272965395696      256.0000000000000
 19.99180690099499      257.0000000000000
 21.77076631357763      258.0000000000000
 22.35609302599805      259.0000000000000
 21.65980270807781      260.0000000000000
 19.72822889500564      261.0000000000000
 3.193563189169228      262.0000000000000
 2.837800349560660      263.0000000000000
 2.737883108637960      264.0000000000000
 2.839698611284790      265.0000000000000
 3.198541183744533      266.0000000000000
 19.80471677209877      267.0000000000000
 21.74310323104831      268.0000000000000
 22.44158565424530      269.0000000000000
 21.85351137906336      270.0000000000000
 20.06697536911986      271.0000000000000
 4.037032554750824      272.0000000000000
 3.606053170552411      273.0000000000000
 3.469540631656579      274.0000000000000
 3.569242300417670      275.0000000000000
 4.340958239104845      276.0000000000000
 8.316688435939874      277.0000000000000
 9.160789919653993      278.0000000000000
 16.10210557885488      279.0000000000000
 17.40035840482065      280.0000000000000
 18.76426991400515      281.0000000000000
 19.11954478088475      282.0000000000000
 19.19327005679010      283.0000000000000
 4.643497811244323      284.0000000000000
 4.289016156741685      285.0000000000000
 4.207858788666492      286.0000000000000
 4.098108523873405      287.0000000000000
 4.256627434672946      288.0000000000000
 19.59959676901469      289.0000000000000
 21.02768365790253      290.0000000000000
 21.39884512412735      291.0000000000000
 21.60351198523379      292.0000000000000
 18.97433383554701      293.0000000000000
 12.93413137200195      294.0000000000000
 12.14615062703510      295.0000000000000
 7.995135455675554      296.0000000000000
 7.635812219424904      297.0000000000000
 7.499297075479658      298.0000000000000
 9.146895741575841      299.0000000000000
 9.903760827799834      300.0000000000000
 11.97900197160866      301.0000000000000
 12.71825521929117      302.0000000000000
 12.03391680270373      303.0000000000000
 8.121697667295244      304.0000000000000
 4.709005261582578      305.0000000000000
0.8047551620877131      306.0000000000000
0.6084876206829352      307.0000000000000
 3.343372484496993      308.0000000000000
 3.518040713652506      309.0000000000000
0.9136007227897247      310.0000000000000
0.9066222649906264      311.0000000000000
 3.469484489654659      312.0000000000000
 3.300869765446342      313.0000000000000
0.6120835168003309      314.0000000000000
0.8152640444772536      315.0000000000000
 4.714603214569758      316.0000000000000
 8.112833671425939      317.0000000000000
 12.00472211513321      318.0000000000000
 12.66928456457985      319.0000000000000
 11.93024484283927      320.0000000000000
 9.856133714114325      321.0000000000000
 9.099913501713463      322.0000000000000
 7.441819989923763      323.0000000000000
 7.575272774465429      324.0000000000000
