0.4365360000000000E-002     0.0000000000000000E+000
0.4400168500000000E-002      1.000000000000000
0.8085839957519995E-001      2.000000000000000
0.1044810336419039      3.000000000000000
0.3332282004849841      4.000000000000000
0.3861671635590627      5.000000000000000
0.4333638616934566      6.000000000000000
0.4453203585541697      7.000000000000000
0.4878139143333197      8.000000000000000
0.8399484822088445      9.000000000000000
0.8603364722431314      10.00000000000000
0.8655014297184841      11.00000000000000
0.8934462336829138      12.00000000000000
0.9459617025958228      13.00000000000000
 2.373678535501919      14.00000000000000
 2.456943514092865      15.00000000000000
 2.478037308669239      16.00000000000000
 2.472687387805621      17.00000000000000
 2.269431140985929      18.00000000000000
 1.762002493634130      19.00000000000000
 1.695240448014234      20.00000000000000
 1.340100736489449      21.00000000000000
 1.298496314267825      22.00000000000000
 1.255308332722886      23.00000000000000
 1.244367377398168      24.00000000000000
 1.227492544723490      25.00000000000000
 1.244374984625622      26.00000000000000
 1.340130067078736      27.00000000000000
 1.695333086886909      28.00000000000000
 1.762104932519663      29.00000000000000
 2.269596888154854      30.00000000000000
 2.356630114509301      31.00000000000000
 2.446976024219802      32.00000000000000
 2.469863654679795      33.00000000000000
 2.505393094484575      34.00000000000000
 2.470102636272222      35.00000000000000
 2.270505737633465      36.00000000000000
 1.764965974586866      37.00000000000000
 1.698496324993002      38.00000000000000
 1.345245497773530      39.00000000000000
 1.303922750390339      40.00000000000000
 1.261027164871456      41.00000000000000
 1.250160283206672      42.00000000000000
 1.233595198299203      43.00000000000000
 1.250955215045046      44.00000000000000
 1.348310454014447      45.00000000000000
 1.708176801855193      46.00000000000000
 1.775670522608135      47.00000000000000
 2.287825806276376      48.00000000000000
 2.375554438996691      49.00000000000000
 2.466622223827468      50.00000000000000
 2.489692729317931      51.00000000000000
 2.525504717398043      52.00000000000000
 2.489928312606133      53.00000000000000
 2.288721731968717      54.00000000000000
 1.778490880824984      55.00000000000000
 1.711295058900987      56.00000000000000
 1.353353143584855      57.00000000000000
 1.311330850190360      58.00000000000000
 1.267709092341402      59.00000000000000
 1.256658247019666      60.00000000000000
 1.239611072499078      61.00000000000000
 1.256654442188685      62.00000000000000
 1.353338473596942      63.00000000000000
 1.711248724641247      64.00000000000000
 1.778439644990689      65.00000000000000
 2.288638831862594      66.00000000000000
 2.376075766860879      67.00000000000000
 2.466840751288166      68.00000000000000
 2.489834547343079      69.00000000000000
 2.525408455904618      70.00000000000000
 2.489596692615903      71.00000000000000
 2.287734267864239      72.00000000000000
 1.775592093539441      73.00000000000000
 1.708100402090208      74.00000000000000
 1.348247163592903      75.00000000000000
 1.305939849222407      76.00000000000000
 1.262022221848190      77.00000000000000
 1.250896422913389      78.00000000000000
 1.233537194646945      79.00000000000000
 1.250101472875368      80.00000000000000
 1.345182137181047      81.00000000000000
 1.698419703597404      82.00000000000000
 1.764887300441864      83.00000000000000
 2.270413802685345      84.00000000000000
 2.357153936040413      85.00000000000000
 2.447195596962628      86.00000000000000
 2.470006151062923      87.00000000000000
 2.505296372543665      88.00000000000000
 2.469769430044503      89.00000000000000
 2.269513550193159      90.00000000000000
 1.762053321535701      91.00000000000000
 1.695286387184268      92.00000000000000
 1.340115094353826      93.00000000000000
 1.298505962654155      94.00000000000000
 1.255313092377680      95.00000000000000
 1.244370898574306      96.00000000000000
 1.227492267274687      97.00000000000000
 1.244370900921757      98.00000000000000
 1.340115103404710      99.00000000000000
 1.695286415770934      100.0000000000000
 1.762053353146472      101.0000000000000
 2.269513601339712      102.0000000000000
 2.356542099406375      103.0000000000000
 2.446883100859659      104.0000000000000
 2.469769487894490      105.0000000000000
 2.505296431933745      106.0000000000000
 2.470006210314316      107.0000000000000
 2.270413859161448      108.0000000000000
 1.764887348829948      109.0000000000000
 1.698419750733477      110.0000000000000
 1.345182176229101      111.0000000000000
 1.303861405121732      112.0000000000000
 1.260967871100241      113.0000000000000
 1.250101509148130      114.0000000000000
 1.233537230433241      115.0000000000000
 1.250896459197377      116.0000000000000
 1.348247202684250      117.0000000000000
 1.708100449363025      118.0000000000000
 1.775592142078736      119.0000000000000
 2.287734324585004      120.0000000000000
 2.375461003629451      121.0000000000000
 2.466526760422997      122.0000000000000
 2.489596752144029      123.0000000000000
 2.525408515578801      124.0000000000000
 2.489834605476510      125.0000000000000
 2.288638883279317      126.0000000000000
 1.778439676832938      127.0000000000000
 1.711248753453402      128.0000000000000
 1.353338482834624      129.0000000000000
 1.311320908371293      130.0000000000000
 1.267704049066796      131.0000000000000
 1.256654444709657      132.0000000000000
 1.239611072670270      133.0000000000000
 1.256658244845787      134.0000000000000
 1.353353134720972      135.0000000000000
 1.711295030540458      136.0000000000000
 1.778490849446408      137.0000000000000
 2.288721681093496      138.0000000000000
 2.376163335034552      139.0000000000000
 2.466933218018347      140.0000000000000
 2.489928255040909      141.0000000000000
 2.525504658293429      142.0000000000000
 2.489692670344636      143.0000000000000
 2.287825750046244      144.0000000000000
 1.775670474372384      145.0000000000000
 1.708176754856958      146.0000000000000
 1.348310415010593      147.0000000000000
 1.306001146936333      148.0000000000000
 1.262081491495924      149.0000000000000
 1.250955178784354      150.0000000000000
 1.233595162513733      151.0000000000000
 1.250160246912290      152.0000000000000
 1.345245458639787      153.0000000000000
 1.698496277584525      154.0000000000000
 1.764965925897475      155.0000000000000
 2.270505680669340      156.0000000000000
 2.357247790272386      157.0000000000000
 2.447291502663093      158.0000000000000
 2.470102576468739      159.0000000000000
 2.505393034527673      160.0000000000000
 2.469863596264276      161.0000000000000
 2.269596836469167      162.0000000000000
 1.762104900446687      163.0000000000000
 1.695333057849947      164.0000000000000
 1.340130057654485      165.0000000000000
 1.298516197678502      166.0000000000000
 1.255318419156720      167.0000000000000
 1.244374981931202      168.0000000000000
 1.227492544381122      169.0000000000000
 1.244367379398435      170.0000000000000
 1.340100745166140      171.0000000000000
 1.695240476147991      172.0000000000000
 1.762002524779808      173.0000000000000
 2.269431191588673      174.0000000000000
 2.359466183922536      175.0000000000000
 2.449802296632098      176.0000000000000
 2.472687445185187      177.0000000000000
 2.478037367522663      178.0000000000000
 1.050320516374544      179.0000000000000
0.9670555367197162      180.0000000000000
0.9459617418738264      181.0000000000000
0.8934462726638192      182.0000000000000
0.8655014694743050      183.0000000000000
0.5133669306053481      184.0000000000000
0.4929789422504919      185.0000000000000
0.4878139852005950      186.0000000000000
0.4453204289810198      187.0000000000000
0.3332282652595395      188.0000000000000
0.1044810830421687      189.0000000000000
0.8085844659555140E-001      190.0000000000000
0.4400200146060865E-002      191.0000000000000
0.4365389940456325E-002      192.0000000000000
0.4351627766147555E-002      193.0000000000000
0.5323534381191862E-002      194.0000000000000
0.5646301598351874E-002      195.0000000000000
0.6467801260250606E-002      196.0000000000000
0.6741634480883516E-002      197.0000000000000
0.6182896768989659E-002      198.0000000000000
0.4179833130083691E-002      199.0000000000000
0.2531310551946173E-002      200.0000000000000
0.2014941262850316E-002      201.0000000000000
0.3975188261048979E-001      202.0000000000000
0.1932578489271209      203.0000000000000
0.1922598281916602      204.0000000000000
0.3476225412217866E-001      205.0000000000000
-.3647383696241129E-001      206.0000000000000
-.1948609617371285      207.0000000000000
-.1953559584980403      208.0000000000000
-.3894858508347814E-001      209.0000000000000
0.2232106626929437E-003      210.0000000000000
0.2155580643754705E-003      211.0000000000000
0.2166420076496673E-003      212.0000000000000
0.2388273928176149E-003      213.0000000000000
0.1885564798974806E-003      214.0000000000000
0.1701288585035472E-003      215.0000000000000
0.1148459943217453E-003      216.0000000000000
0.9312535698471468E-004      217.0000000000000
-.3988341585914584E-004      218.0000000000000
-.5419030435030101E-004      219.0000000000000
-.9037831641616270E-004      220.0000000000000
-.4169120066852333E-003      221.0000000000000
-.4674069072422493E-003      222.0000000000000
-.7939405975113190E-003      223.0000000000000
-.8505790443027739E-003      224.0000000000000
-.9010739448597899E-003      225.0000000000000
-.9138659863342337E-003      226.0000000000000
-.9446421094367581E-003      227.0000000000000
-.9180612273069478E-003      228.0000000000000
-.9165222396317681E-003      229.0000000000000
-.9161323627540560E-003      230.0000000000000
-.9280025603064610E-003      231.0000000000000
-.9663746882495214E-003      232.0000000000000
-.2102960141903153E-002      233.0000000000000
-.2169246229791195E-002      234.0000000000000
-.2186038705389500E-002      235.0000000000000
-.2174588457352823E-002      236.0000000000000
-.1991382951317128E-002      237.0000000000000
-.1464836756192008E-002      238.0000000000000
-.1383412086842810E-002      239.0000000000000
-.8568658917176906E-003      240.0000000000000
-.7784267935779634E-003      241.0000000000000
-.6970021242287652E-003      242.0000000000000
-.6763745413269685E-003      243.0000000000000
-.6219465513150647E-003      244.0000000000000
-.5852801332154375E-003      245.0000000000000
0.1077102615401650E-003      246.0000000000000
0.1343168443303849E-003      247.0000000000000
0.1573252205377025E-003      248.0000000000000
0.6737106765425439E-003      249.0000000000000
0.7044253478762579E-003      250.0000000000000
0.7552570235517111E-003      251.0000000000000
0.2263576237657019E-002      252.0000000000000
0.2294307176939699E-002      253.0000000000000
0.2263576046975452E-002      254.0000000000000
0.7552521849625879E-003      255.0000000000000
0.7044202503262730E-003      256.0000000000000
0.6737051744556818E-003      257.0000000000000
0.1573078924471914E-003      258.0000000000000
0.1342992696742613E-003      259.0000000000000
0.1076929111249294E-003      260.0000000000000
-.5852862017969934E-003      261.0000000000000
-.6219522456785052E-003      262.0000000000000
-.6763800240921290E-003      263.0000000000000
-.8568709990298810E-003      264.0000000000000
-.1383416098848088E-002      265.0000000000000
-.1464840598820007E-002      266.0000000000000
-.1991385698638214E-002      267.0000000000000
-.2072538783610226E-002      268.0000000000000
-.2153963283582144E-002      269.0000000000000
-.2174590823575030E-002      270.0000000000000
-.2186040703571060E-002      271.0000000000000
-.1049449810720377E-002      272.0000000000000
-.9831634056163699E-003      273.0000000000000
-.9663708496566881E-003      274.0000000000000
-.9279984172348632E-003      275.0000000000000
-.9161277968857068E-003      276.0000000000000
-.9426979702133048E-003      277.0000000000000
-.9442363378671650E-003      278.0000000000000
-.9446260576728089E-003      279.0000000000000
-.9138497237733490E-003      280.0000000000000
-.7939250111232482E-003      281.0000000000000
-.4673931619426251E-003      282.0000000000000
-.4168985460899517E-003      283.0000000000000
-.9036669690932857E-004      284.0000000000000
-.5417888888157880E-004      285.0000000000000
-.3987208105665340E-004      286.0000000000000
0.9313877479911938E-004      287.0000000000000
0.1148601748569436E-003      288.0000000000000
0.1701449802980846E-003      289.0000000000000
0.1885732487784649E-003      290.0000000000000
0.2388425636387749E-003      291.0000000000000
0.2166520891787923E-003      292.0000000000000
0.2155639031321014E-003      293.0000000000000
0.2232151472196233E-003      294.0000000000000
-.3894858440046492E-001      295.0000000000000
-.1953559654663004      296.0000000000000
-.1948609695500659      297.0000000000000
-.3647384050238298E-001      298.0000000000000
0.3476225182532311E-001      299.0000000000000
0.1922598271342309      300.0000000000000
0.1932578487404230      301.0000000000000
0.3975188466687712E-001      302.0000000000000
0.2014944410854652E-002      303.0000000000000
0.2531314080542794E-002      304.0000000000000
0.4179838041384673E-002      305.0000000000000
0.6182903497489223E-002      306.0000000000000
0.6741641345292434E-002      307.0000000000000
0.6467807775079874E-002      308.0000000000000
0.5646307064441831E-002      309.0000000000000
0.5323539435232286E-002      310.0000000000000
0.4351631135222920E-002      311.0000000000000
0.4365393227007599E-002      312.0000000000000
