-.9041950000000000E-002     0.0000000000000000E+000
-.9201096870000000E-002      1.000000000000000
0.6550882398869250E-001      2.000000000000000
0.8886082265531543E-001      3.000000000000000
0.3158596792813284      4.000000000000000
0.3684950796482126      5.000000000000000
0.4154211423824333      6.000000000000000
0.4273090782751026      7.000000000000000
0.4690534875579364      8.000000000000000
0.8048231295735819      9.000000000000000
0.8242636183518687      10.00000000000000
0.8291885421757014      11.00000000000000
0.8565925021106497      12.00000000000000
0.9089994854860965      13.00000000000000
 2.339594293021537      14.00000000000000
 2.423027116167072      15.00000000000000
 2.444163431363941      16.00000000000000
 2.438341811684682      17.00000000000000
 2.233308090628095      18.00000000000000
 1.720776101095630      19.00000000000000
 1.653224066925787      20.00000000000000
 1.292981013218831      21.00000000000000
 1.250615568693850      22.00000000000000
 1.206637598598715      23.00000000000000
 1.195496512841280      24.00000000000000
 1.178327310564641      25.00000000000000
 1.195552228355635      26.00000000000000
 1.293195919110717      27.00000000000000
 1.653902900528797      28.00000000000000
 1.721526749906553      29.00000000000000
 2.234522667150169      30.00000000000000
 2.322376657112097      31.00000000000000
 2.413574570567387      32.00000000000000
 2.436678041976061      33.00000000000000
 2.472457715532162      34.00000000000000
 2.436573817094958      35.00000000000000
 2.234126370020652      36.00000000000000
 1.720279268102491      37.00000000000000
 1.652523656808153      38.00000000000000
 1.290965490715480      39.00000000000000
 1.248403933560563      40.00000000000000
 1.204222386340925      41.00000000000000
 1.193029727711950      42.00000000000000
 1.175664280236591      43.00000000000000
 1.192615221807929      44.00000000000000
 1.289366658468717      45.00000000000000
 1.647473348297983      46.00000000000000
 1.714694677031667      47.00000000000000
 2.225090302686229      48.00000000000000
 2.312556531094325      49.00000000000000
 2.403351923905498      50.00000000000000
 2.426353423417662      51.00000000000000
 2.461968942049765      52.00000000000000
 2.426224903179430      53.00000000000000
 2.224601626652668      54.00000000000000
 1.713156400787544      55.00000000000000
 1.645772595755209      56.00000000000000
 1.286616305715323      57.00000000000000
 1.244412921926106      58.00000000000000
 1.200603180968439      59.00000000000000
 1.189504713259164      60.00000000000000
 1.172380483809518      61.00000000000000
 1.189476792883903      62.00000000000000
 1.286508611238899      63.00000000000000
 1.645432416019726      64.00000000000000
 1.712780232735745      65.00000000000000
 2.223992973341796      66.00000000000000
 2.311581051839534      67.00000000000000
 2.402502932633034      68.00000000000000
 2.425536475767387      69.00000000000000
 2.461262437054756      70.00000000000000
 2.425649318711261      71.00000000000000
 2.224422039168201      72.00000000000000
 1.714130865307402      73.00000000000000
 1.646925705530875      74.00000000000000
 1.288923467495352      75.00000000000000
 1.246892178635905      76.00000000000000
 1.203261082934056      77.00000000000000
 1.192207872022922      78.00000000000000
 1.175263712637911      79.00000000000000
 1.192624250157727      80.00000000000000
 1.290529521311030      81.00000000000000
 1.651998825158985      82.00000000000000
 1.719740680731414      83.00000000000000
 2.233498920404837      84.00000000000000
 2.321466589667627      85.00000000000000
 2.412782509317582      86.00000000000000
 2.435915875628904      87.00000000000000
 2.471798585989267      88.00000000000000
 2.436036829062202      89.00000000000000
 2.233958824968058      90.00000000000000
 1.721188388856167      91.00000000000000
 1.653599443567919      92.00000000000000
 1.293117943281553      93.00000000000000
 1.250716941045845      94.00000000000000
 1.206702059832306      95.00000000000000
 1.195551623258209      96.00000000000000
 1.178354171055678      97.00000000000000
 1.195551622949925      98.00000000000000
 1.293117942092442      99.00000000000000
 1.653599439811820      100.0000000000000
 1.721188384702703      101.0000000000000
 2.233958818247606      102.0000000000000
 2.321779183553844      103.0000000000000
 2.412942192522259      104.0000000000000
 2.436036821460925      105.0000000000000
 2.471798578188388      106.0000000000000
 2.435915867854528      107.0000000000000
 2.233498913026205      108.0000000000000
 1.719740674506088      109.0000000000000
 1.651998819112190      110.0000000000000
 1.290529516417543      111.0000000000000
 1.247981210780046      112.0000000000000
 1.203813419460845      113.0000000000000
 1.192624245659981      114.0000000000000
 1.175263708215050      115.0000000000000
 1.192207867545848      116.0000000000000
 1.288923462681604      117.0000000000000
 1.646925699735959      118.0000000000000
 1.714130859360604      119.0000000000000
 2.224422032240235      120.0000000000000
 2.311872684406619      121.0000000000000
 2.402651908108749      122.0000000000000
 2.425649311446622      123.0000000000000
 2.461262429777002      124.0000000000000
 2.425536468687461      125.0000000000000
 2.223992967116159      126.0000000000000
 1.712780228999754      127.0000000000000
 1.645432412669128      128.0000000000000
 1.286508610377948      129.0000000000000
 1.244339895704708      130.0000000000000
 1.200566143448750      131.0000000000000
 1.189476792877240      132.0000000000000
 1.172380484106116      133.0000000000000
 1.189504713867680      134.0000000000000
 1.286616307227243      135.0000000000000
 1.645772599899912      136.0000000000000
 1.713156405339798      137.0000000000000
 2.224601633837705      138.0000000000000
 2.312224381472770      139.0000000000000
 2.403182250990139      140.0000000000000
 2.426224911267872      141.0000000000000
 2.461968950338692      142.0000000000000
 2.426353431666821      143.0000000000000
 2.225090310482361      144.0000000000000
 1.714694683507537      145.0000000000000
 1.647473354569479      146.0000000000000
 1.289366663419951      147.0000000000000
 1.247319798268232      148.0000000000000
 1.203672533404856      149.0000000000000
 1.192615226306133      150.0000000000000
 1.175664284639573      151.0000000000000
 1.193029732148228      152.0000000000000
 1.290965495427852      153.0000000000000
 1.652523662325143      154.0000000000000
 1.720279273744035      155.0000000000000
 2.234126376466814      156.0000000000000
 2.322107297195033      157.0000000000000
 2.413436972691455      158.0000000000000
 2.436573823817215      159.0000000000000
 2.472457722254095      160.0000000000000
 2.436678048502835      161.0000000000000
 2.234522672853033      162.0000000000000
 1.721526753208299      163.0000000000000
 1.653902903458854      164.0000000000000
 1.293195919639656      165.0000000000000
 1.250761292772995      166.0000000000000
 1.206711507098261      167.0000000000000
 1.195552228060662      168.0000000000000
 1.178327309972792      169.0000000000000
 1.195496511935280      170.0000000000000
 1.292981011390914      171.0000000000000
 1.653224062411130      172.0000000000000
 1.720776096165071      173.0000000000000
 2.233308083010797      174.0000000000000
 2.324130427182829      175.0000000000000
 2.415256525014299      176.0000000000000
 2.438341803131604      177.0000000000000
 2.444163422648603      178.0000000000000
 1.013568618567815      179.0000000000000
0.9301357956237564      180.0000000000000
0.9089994804779282      181.0000000000000
0.8565924971879803      182.0000000000000
0.8291885371948432      183.0000000000000
0.4934188923073550      184.0000000000000
0.4739784033627933      185.0000000000000
0.4690534794968376      186.0000000000000
0.4273090703138575      187.0000000000000
0.3158596720920184      188.0000000000000
0.8886081756567490E-001      189.0000000000000
0.6550881922407747E-001      190.0000000000000
-.9201099534945485E-002      191.0000000000000
-.9041952432010520E-002      192.0000000000000
-.8979033809919951E-002      193.0000000000000
-.1004129477097467E-001      194.0000000000000
-.1045713681098915E-001      195.0000000000000
-.1151552836103874E-001      196.0000000000000
-.1186832554438861E-001      197.0000000000000
-.1154408255569597E-001      198.0000000000000
-.9460956397393496E-002      199.0000000000000
0.3205273610291096E-001      200.0000000000000
0.1933337285526562      201.0000000000000
0.3013041330899196      202.0000000000000
0.6104334057177591      203.0000000000000
0.5721398477412857      204.0000000000000
0.1080729734472169      205.0000000000000
-.1047263180117622      206.0000000000000
-.5677928700724351      207.0000000000000
-.6068702112652092      208.0000000000000
-.3019124859586636      209.0000000000000
-.1960876935424570      210.0000000000000
-.3998325217806629E-001      211.0000000000000
-.9495612016962498E-003      212.0000000000000
-.1086267785990297E-002      213.0000000000000
-.1036110549156406E-002      214.0000000000000
-.9930367696491076E-003      215.0000000000000
-.8638154311272125E-003      216.0000000000000
-.8130443672219618E-003      217.0000000000000
-.6061327632202844E-003      218.0000000000000
-.5965896203108320E-003      219.0000000000000
-.5724510823633955E-003      220.0000000000000
-.3546428794888486E-003      221.0000000000000
-.3209611986319597E-003      222.0000000000000
-.1031529957574145E-003      223.0000000000000
-.6537337706293868E-004      224.0000000000000
-.3169169620604803E-004      225.0000000000000
-.2315900372230374E-004      226.0000000000000
0.1927657273602043E-004      227.0000000000000
0.6030076983611823E-003      228.0000000000000
0.6368047335223751E-003      229.0000000000000
0.6453666490965435E-003      230.0000000000000
0.6813884442193763E-003      231.0000000000000
0.7372992428075946E-003      232.0000000000000
0.2189632701606094E-002      233.0000000000000
0.2274333331007288E-002      234.0000000000000
0.2295790823788923E-002      235.0000000000000
0.2299654078958273E-002      236.0000000000000
0.2120564576155953E-002      237.0000000000000
0.1605848079212990E-002      238.0000000000000
0.1526252744634181E-002      239.0000000000000
0.1011536247691219E-002      240.0000000000000
0.9348594087136321E-003      241.0000000000000
0.8552640741348247E-003      242.0000000000000
0.8350999227081930E-003      243.0000000000000
0.7846350568879931E-003      244.0000000000000
0.7570728532686286E-003      245.0000000000000
0.7324362275130765E-003      246.0000000000000
-.2208942384929082      247.0000000000000
-.2516134370539526      248.0000000000000
-.2683583721214922      249.0000000000000
-.2773250065128580      250.0000000000000
-.2847783575174276      251.0000000000000
-.6118684570432817      252.0000000000000
-.6497887241906892      253.0000000000000
-.6846887654228215      254.0000000000000
-.7395741429836410      255.0000000000000
-.8375634889300650      256.0000000000000
-2.464134073604596      257.0000000000000
-2.591781005592738      258.0000000000000
-2.638952006318822      259.0000000000000
-2.609633639439683      260.0000000000000
-2.508491528617300      261.0000000000000
-1.262918287257515      262.0000000000000
-1.191275698342105      263.0000000000000
-1.160642038137023      264.0000000000000
-1.163886283720356      265.0000000000000
-1.194069081122262      266.0000000000000
-1.843670022868800      267.0000000000000
-1.903599231683831      268.0000000000000
-1.915792579993285      269.0000000000000
-1.872457156822398      270.0000000000000
-1.766293026482092      271.0000000000000
-.4520815914471597      272.0000000000000
-.3759395990687510      273.0000000000000
-.3303907387218131      274.0000000000000
-.2944856323937704      275.0000000000000
-.2054764473622492      276.0000000000000
0.5418944581241416E-001      277.0000000000000
0.9434396537550642E-001      278.0000000000000
0.3540098585501698      279.0000000000000
0.3940305297147184      280.0000000000000
0.4341850492778106      281.0000000000000
0.4443575275671273      282.0000000000000
0.4801178333286650      283.0000000000000
0.6019063773494062      284.0000000000000
0.6090091306943172      285.0000000000000
0.6108084948750281      286.0000000000000
0.6253137840306964      287.0000000000000
0.6580713170027213      288.0000000000000
 1.587584943661970      289.0000000000000
 1.641402195036625      290.0000000000000
 1.655035898718204      291.0000000000000
 1.658822559471810      292.0000000000000
 1.545304444299869      293.0000000000000
 1.236216523691356      294.0000000000000
 1.188419422566328      295.0000000000000
0.8793315019578145      296.0000000000000
0.8450769128182112      297.0000000000000
0.8315344008327866      298.0000000000000
0.8542630866118455      299.0000000000000
0.8800733012030205      300.0000000000000
0.9457648629010991      301.0000000000000
0.9676620501337919      302.0000000000000
0.8973253433499855      303.0000000000000
0.7022195191910627      304.0000000000000
0.4476765343091367      305.0000000000000
-.1532821307136567      306.0000000000000
-.4720520586615979      307.0000000000000
-1.259924406613300      308.0000000000000
-1.244648282230486      309.0000000000000
-.3949679906010938      310.0000000000000
-.3437956366405535E-001      311.0000000000000
0.6869678557384179      312.0000000000000
0.8027967300182572      313.0000000000000
0.5500985804392675      314.0000000000000
0.5065925194607735      315.0000000000000
0.5697415257806807      316.0000000000000
0.6333617367853009      317.0000000000000
0.7230416568696426      318.0000000000000
0.6878678312037119      319.0000000000000
0.6589781259745293      320.0000000000000
0.5723090102869812      321.0000000000000
0.5382567147333437      322.0000000000000
0.3981613072475029      323.0000000000000
0.3914664172793693      324.0000000000000
