-.9041950000000000E-002     0.0000000000000000E+000
-.9201096870000000E-002      1.000000000000000
0.6550882398869250E-001      2.000000000000000
0.8886082265531543E-001      3.000000000000000
0.3158596792813284      4.000000000000000
0.3684950796482126      5.000000000000000
0.4154211423824333      6.000000000000000
0.4273090782751026      7.000000000000000
0.4690534875579364      8.000000000000000
0.8048231295735819      9.000000000000000
0.8242636183518687      10.00000000000000
0.8291885421757014      11.00000000000000
0.8565925021106497      12.00000000000000
0.9089994854860965      13.00000000000000
 2.339594293021537      14.00000000000000
 2.423027116167072      15.00000000000000
 2.444163431363941      16.00000000000000
 2.438341811684682      17.00000000000000
 2.233308090628095      18.00000000000000
 1.720776101095630      19.00000000000000
 1.653224066925787      20.00000000000000
 1.292981013218831      21.00000000000000
 1.250615568693850      22.00000000000000
 1.206637598598715      23.00000000000000
 1.195496512841280      24.00000000000000
 1.178327310564642      25.00000000000000
 1.195552228355637      26.00000000000000
 1.293195919110722      27.00000000000000
 1.653902900528808      28.00000000000000
 1.721526749906564      29.00000000000000
 2.234522667150187      30.00000000000000
 2.322376657112116      31.00000000000000
 2.413574570567407      32.00000000000000
 2.436678041976080      33.00000000000000
 2.472457715532181      34.00000000000000
 2.436573817094974      35.00000000000000
 2.234126370020665      36.00000000000000
 1.720279268102491      37.00000000000000
 1.652523656808151      38.00000000000000
 1.290965490715466      39.00000000000000
 1.248403933560547      40.00000000000000
 1.204222386340907      41.00000000000000
 1.193029727711932      42.00000000000000
 1.175664280236572      43.00000000000000
 1.192615221807908      44.00000000000000
 1.289366658468690      45.00000000000000
 1.647473348297938      46.00000000000000
 1.714694677031620      47.00000000000000
 2.225090302686164      48.00000000000000
 2.312556531094258      49.00000000000000
 2.403351923905428      50.00000000000000
 2.426353423417590      51.00000000000000
 2.461968942049691      52.00000000000000
 2.426224903179355      53.00000000000000
 2.224601626652596      54.00000000000000
 1.713156400787482      55.00000000000000
 1.645772595755149      56.00000000000000
 1.286616305715273      57.00000000000000
 1.244412921926057      58.00000000000000
 1.200603180968393      59.00000000000000
 1.189504713259118      60.00000000000000
 1.172380483809473      61.00000000000000
 1.189476792883857      62.00000000000000
 1.286508611238850      63.00000000000000
 1.645432416019669      64.00000000000000
 1.712780232735688      65.00000000000000
 2.223992973341732      66.00000000000000
 2.311581051839469      67.00000000000000
 2.402502932632967      68.00000000000000
 2.425536475767320      69.00000000000000
 2.461262437054687      70.00000000000000
 2.425649318711193      71.00000000000000
 2.224422039168139      72.00000000000000
 1.714130865307357      73.00000000000000
 1.646925705530832      74.00000000000000
 1.288923467495326      75.00000000000000
 1.246892178635882      76.00000000000000
 1.203261082934037      77.00000000000000
 1.192207872022903      78.00000000000000
 1.175263712637894      79.00000000000000
 1.192624250157712      80.00000000000000
 1.290529521311020      81.00000000000000
 1.651998825158988      82.00000000000000
 1.719740680731419      83.00000000000000
 2.233498920404857      84.00000000000000
 2.321466589667649      85.00000000000000
 2.412782509317605      86.00000000000000
 2.435915875628927      87.00000000000000
 2.471798585989291      88.00000000000000
 2.436036829062225      89.00000000000000
 2.233958824968080      90.00000000000000
 1.721188388856182      91.00000000000000
 1.653599443567934      92.00000000000000
 1.293117943281561      93.00000000000000
 1.250716941045852      94.00000000000000
 1.206702059832313      95.00000000000000
 1.195551623258216      96.00000000000000
 1.178354171055685      97.00000000000000
 1.195551622949932      98.00000000000000
 1.293117942092451      99.00000000000000
 1.653599439811831      100.0000000000000
 1.721188384702715      101.0000000000000
 2.233958818247618      102.0000000000000
 2.321779183553858      103.0000000000000
 2.412942192522272      104.0000000000000
 2.436036821460937      105.0000000000000
 2.471798578188399      106.0000000000000
 2.435915867854539      107.0000000000000
 2.233498913026210      108.0000000000000
 1.719740674506078      109.0000000000000
 1.651998819112178      110.0000000000000
 1.290529516417515      111.0000000000000
 1.247981210780016      112.0000000000000
 1.203813419460813      113.0000000000000
 1.192624245659949      114.0000000000000
 1.175263708215016      115.0000000000000
 1.192207867545811      116.0000000000000
 1.288923462681559      117.0000000000000
 1.646925699735890      118.0000000000000
 1.714130859360530      119.0000000000000
 2.224422032240137      120.0000000000000
 2.311872684406518      121.0000000000000
 2.402651908108643      122.0000000000000
 2.425649311446515      123.0000000000000
 2.461262429776892      124.0000000000000
 2.425536468687351      125.0000000000000
 2.223992967116054      126.0000000000000
 1.712780228999664      127.0000000000000
 1.645432412669040      128.0000000000000
 1.286508610377875      129.0000000000000
 1.244339895704637      130.0000000000000
 1.200566143448682      131.0000000000000
 1.189476792877173      132.0000000000000
 1.172380484106051      133.0000000000000
 1.189504713867614      134.0000000000000
 1.286616307227173      135.0000000000000
 1.645772599899832      136.0000000000000
 1.713156405339716      137.0000000000000
 2.224601633837613      138.0000000000000
 2.312224381472676      139.0000000000000
 2.403182250990042      140.0000000000000
 2.426224911267775      141.0000000000000
 2.461968950338595      142.0000000000000
 2.426353431666726      143.0000000000000
 2.225090310482275      144.0000000000000
 1.714694683507479      145.0000000000000
 1.647473354569425      146.0000000000000
 1.289366663419924      147.0000000000000
 1.247319798268209      148.0000000000000
 1.203672533404838      149.0000000000000
 1.192615226306117      150.0000000000000
 1.175664284639560      151.0000000000000
 1.193029732148218      152.0000000000000
 1.290965495427851      153.0000000000000
 1.652523662325168      154.0000000000000
 1.720279273744064      155.0000000000000
 2.234126376466868      156.0000000000000
 2.322107297195091      157.0000000000000
 2.413436972691516      158.0000000000000
 2.436573823817277      159.0000000000000
 2.472457722254158      160.0000000000000
 2.436678048502897      161.0000000000000
 2.234522672853092      162.0000000000000
 1.721526753208344      163.0000000000000
 1.653902903458898      164.0000000000000
 1.293195919639687      165.0000000000000
 1.250761292773025      166.0000000000000
 1.206711507098290      167.0000000000000
 1.195552228060690      168.0000000000000
 1.178327309972819      169.0000000000000
 1.195496511935306      170.0000000000000
 1.292981011390940      171.0000000000000
 1.653224062411156      172.0000000000000
 1.720776096165098      173.0000000000000
 2.233308083010825      174.0000000000000
 2.324130427182856      175.0000000000000
 2.415256525014327      176.0000000000000
 2.438341803131632      177.0000000000000
 2.444163422648629      178.0000000000000
 1.013568618567809      179.0000000000000
0.9301357956237488      180.0000000000000
0.9089994804779202      181.0000000000000
0.8565924971879705      182.0000000000000
0.8291885371948317      183.0000000000000
0.4934188923072992      184.0000000000000
0.4739784033627348      185.0000000000000
0.4690534794967785      186.0000000000000
0.4273090703137975      187.0000000000000
0.3158596720919610      188.0000000000000
0.8886081756562447E-001      189.0000000000000
0.6550881922402813E-001      190.0000000000000
-.9201099534987845E-002      191.0000000000000
-.9041952432052105E-002      192.0000000000000
-.8979033809961231E-002      193.0000000000000
-.1004129477102066E-001      194.0000000000000
-.1045713681103703E-001      195.0000000000000
-.1151552836109141E-001      196.0000000000000
-.1186832554444287E-001      197.0000000000000
-.1154408255574866E-001      198.0000000000000
-.9460956397436599E-002      199.0000000000000
0.3205273610287854E-001      200.0000000000000
0.1933337285526460      201.0000000000000
0.3013041330899189      202.0000000000000
0.6104334057177773      203.0000000000000
0.5721398477413070      204.0000000000000
0.1080729734472313      205.0000000000000
-.1047263180117490      206.0000000000000
-.5677928700724204      207.0000000000000
-.6068702112651980      208.0000000000000
-.3019124859586678      209.0000000000000
-.1960876935424694      210.0000000000000
-.3998325217809911E-001      211.0000000000000
-.9495612017388078E-003      212.0000000000000
-.1086267786041553E-002      213.0000000000000
-.1036110549208359E-002      214.0000000000000
-.9930367696994041E-003      215.0000000000000
-.8638154311725373E-003      216.0000000000000
-.8130443672653333E-003      217.0000000000000
-.6061327632579487E-003      218.0000000000000
-.5965896203486334E-003      219.0000000000000
-.5724510824015420E-003      220.0000000000000
-.3546428795301124E-003      221.0000000000000
-.3209611986737040E-003      222.0000000000000
-.1031529958022762E-003      223.0000000000000
-.6537337710834160E-004      224.0000000000000
-.3169169625193320E-004      225.0000000000000
-.2315900376830861E-004      226.0000000000000
0.1927657269110844E-004      227.0000000000000
0.6030076983546051E-003      228.0000000000000
0.6368047335180184E-003      229.0000000000000
0.6453666490927497E-003      230.0000000000000
0.6813884442172726E-003      231.0000000000000
0.7372992428071202E-003      232.0000000000000
0.2189632701640984E-002      233.0000000000000
0.2274333331044239E-002      234.0000000000000
0.2295790823826395E-002      235.0000000000000
0.2299654078996809E-002      236.0000000000000
0.2120564576193015E-002      237.0000000000000
0.1605848079245815E-002      238.0000000000000
0.1526252744666353E-002      239.0000000000000
0.1011536247719152E-002      240.0000000000000
0.9348594087409349E-003      241.0000000000000
0.8552640741614718E-003      242.0000000000000
0.8350999227346736E-003      243.0000000000000
0.7846350569143444E-003      244.0000000000000
0.7570728532956183E-003      245.0000000000000
0.3528845657031886E-003      246.0000000000000
0.3314166318155731E-003      247.0000000000000
0.3003426692769172E-003      248.0000000000000
-.5752357937726721E-003      249.0000000000000
-.6194028462297905E-003      250.0000000000000
-.6816496085200376E-003      251.0000000000000
-.2448752945647603E-002      252.0000000000000
-.2484763185940521E-002      253.0000000000000
-.2448753183240674E-002      254.0000000000000
-.6816556331846720E-003      255.0000000000000
-.6194091952522315E-003      256.0000000000000
-.5752426524741295E-003      257.0000000000000
0.3003208851677340E-003      258.0000000000000
0.3313945595153286E-003      259.0000000000000
0.3528628449720149E-003      260.0000000000000
0.7570676016749331E-003      261.0000000000000
0.7846304014951994E-003      262.0000000000000
0.8350957276303396E-003      263.0000000000000
0.1011533176491020E-002      264.0000000000000
0.1526252952114658E-002      265.0000000000000
0.1605848793705943E-002      266.0000000000000
0.2120568569329583E-002      267.0000000000000
0.2199899091448895E-002      268.0000000000000
0.2279494933040179E-002      269.0000000000000
0.2299659212909974E-002      270.0000000000000
0.2295796434385624E-002      271.0000000000000
0.8434650824714488E-003      272.0000000000000
0.7587645759445320E-003      273.0000000000000
0.7373071142910475E-003      274.0000000000000
0.6813965273022487E-003      275.0000000000000
0.6453751797154223E-003      276.0000000000000
0.6165660586933755E-004      277.0000000000000
0.2786029743470642E-004      278.0000000000000
0.1929856596459903E-004      279.0000000000000
-.2314288922709504E-004      280.0000000000000
-.1031291561974113E-003      281.0000000000000
-.3209163252113345E-003      282.0000000000000
-.3545947534093624E-003      283.0000000000000
-.5723819224232830E-003      284.0000000000000
-.5965181292985388E-003      285.0000000000000
-.6060603506213126E-003      286.0000000000000
-.8129493777990710E-003      287.0000000000000
-.8637147359162262E-003      288.0000000000000
-.9929215521981161E-003      289.0000000000000
-.1035990490958746E-002      290.0000000000000
-.1086142877184270E-002      291.0000000000000
-.9494526867952829E-003      292.0000000000000
-.3998316236792018E-001      293.0000000000000
-.1960876435167700      294.0000000000000
-.3019124481715325      295.0000000000000
-.6068701870151043      296.0000000000000
-.5677928583300506      297.0000000000000
-.1047263433391987      298.0000000000000
0.1080729261183626      299.0000000000000
0.5721397416254952      300.0000000000000
0.6104333041102756      301.0000000000000
0.3013041085102021      302.0000000000000
0.1933337383158788      303.0000000000000
0.3205281846521842E-001      304.0000000000000
-.9460838898711063E-002      305.0000000000000
-.1154393325808406E-001      306.0000000000000
-.1186816544573376E-001      307.0000000000000
-.1151537201604317E-001      308.0000000000000
-.1045699172697141E-001      309.0000000000000
-.1004115411139511E-001      310.0000000000000
-.8978898127404059E-002      311.0000000000000
-.9041814669119842E-002      312.0000000000000
