0.0000000000000000E+000     0.0000000000000000E+000
0.0000000000000000E+000      1.000000000000000
0.0000000000000000E+000      2.000000000000000
0.0000000000000000E+000      3.000000000000000
0.0000000000000000E+000      4.000000000000000
0.0000000000000000E+000      5.000000000000000
0.0000000000000000E+000      6.000000000000000
0.0000000000000000E+000      7.000000000000000
0.0000000000000000E+000      8.000000000000000
0.0000000000000000E+000      9.000000000000000
0.0000000000000000E+000      10.00000000000000
0.0000000000000000E+000      11.00000000000000
0.0000000000000000E+000      12.00000000000000
0.0000000000000000E+000      13.00000000000000
0.0000000000000000E+000      14.00000000000000
0.0000000000000000E+000      15.00000000000000
0.0000000000000000E+000      16.00000000000000
0.0000000000000000E+000      17.00000000000000
0.0000000000000000E+000      18.00000000000000
0.0000000000000000E+000      19.00000000000000
0.0000000000000000E+000      20.00000000000000
0.0000000000000000E+000      21.00000000000000
0.0000000000000000E+000      22.00000000000000
0.0000000000000000E+000      23.00000000000000
0.0000000000000000E+000      24.00000000000000
0.0000000000000000E+000      25.00000000000000
0.0000000000000000E+000      26.00000000000000
0.0000000000000000E+000      27.00000000000000
0.0000000000000000E+000      28.00000000000000
0.0000000000000000E+000      29.00000000000000
0.0000000000000000E+000      30.00000000000000
0.0000000000000000E+000      31.00000000000000
0.0000000000000000E+000      32.00000000000000
0.0000000000000000E+000      33.00000000000000
0.0000000000000000E+000      34.00000000000000
0.0000000000000000E+000      35.00000000000000
0.0000000000000000E+000      36.00000000000000
0.0000000000000000E+000      37.00000000000000
0.0000000000000000E+000      38.00000000000000
0.0000000000000000E+000      39.00000000000000
0.0000000000000000E+000      40.00000000000000
0.0000000000000000E+000      41.00000000000000
0.0000000000000000E+000      42.00000000000000
0.0000000000000000E+000      43.00000000000000
0.0000000000000000E+000      44.00000000000000
0.0000000000000000E+000      45.00000000000000
0.0000000000000000E+000      46.00000000000000
0.0000000000000000E+000      47.00000000000000
0.0000000000000000E+000      48.00000000000000
0.0000000000000000E+000      49.00000000000000
0.0000000000000000E+000      50.00000000000000
0.0000000000000000E+000      51.00000000000000
0.0000000000000000E+000      52.00000000000000
0.0000000000000000E+000      53.00000000000000
0.0000000000000000E+000      54.00000000000000
0.0000000000000000E+000      55.00000000000000
0.0000000000000000E+000      56.00000000000000
0.0000000000000000E+000      57.00000000000000
0.0000000000000000E+000      58.00000000000000
0.0000000000000000E+000      59.00000000000000
0.0000000000000000E+000      60.00000000000000
0.0000000000000000E+000      61.00000000000000
0.0000000000000000E+000      62.00000000000000
0.0000000000000000E+000      63.00000000000000
0.0000000000000000E+000      64.00000000000000
0.0000000000000000E+000      65.00000000000000
0.0000000000000000E+000      66.00000000000000
0.0000000000000000E+000      67.00000000000000
0.0000000000000000E+000      68.00000000000000
0.0000000000000000E+000      69.00000000000000
0.0000000000000000E+000      70.00000000000000
0.0000000000000000E+000      71.00000000000000
0.0000000000000000E+000      72.00000000000000
0.0000000000000000E+000      73.00000000000000
0.0000000000000000E+000      74.00000000000000
0.0000000000000000E+000      75.00000000000000
0.0000000000000000E+000      76.00000000000000
0.0000000000000000E+000      77.00000000000000
0.0000000000000000E+000      78.00000000000000
0.0000000000000000E+000      79.00000000000000
0.0000000000000000E+000      80.00000000000000
0.0000000000000000E+000      81.00000000000000
0.0000000000000000E+000      82.00000000000000
0.0000000000000000E+000      83.00000000000000
0.0000000000000000E+000      84.00000000000000
0.0000000000000000E+000      85.00000000000000
0.0000000000000000E+000      86.00000000000000
0.0000000000000000E+000      87.00000000000000
0.0000000000000000E+000      88.00000000000000
0.0000000000000000E+000      89.00000000000000
0.0000000000000000E+000      90.00000000000000
0.0000000000000000E+000      91.00000000000000
0.0000000000000000E+000      92.00000000000000
0.0000000000000000E+000      93.00000000000000
0.0000000000000000E+000      94.00000000000000
0.0000000000000000E+000      95.00000000000000
0.0000000000000000E+000      96.00000000000000
0.0000000000000000E+000      97.00000000000000
0.0000000000000000E+000      98.00000000000000
0.0000000000000000E+000      99.00000000000000
0.0000000000000000E+000      100.0000000000000
0.0000000000000000E+000      101.0000000000000
0.0000000000000000E+000      102.0000000000000
0.0000000000000000E+000      103.0000000000000
0.0000000000000000E+000      104.0000000000000
0.0000000000000000E+000      105.0000000000000
0.0000000000000000E+000      106.0000000000000
0.0000000000000000E+000      107.0000000000000
0.0000000000000000E+000      108.0000000000000
0.0000000000000000E+000      109.0000000000000
0.0000000000000000E+000      110.0000000000000
0.0000000000000000E+000      111.0000000000000
0.0000000000000000E+000      112.0000000000000
0.0000000000000000E+000      113.0000000000000
0.0000000000000000E+000      114.0000000000000
0.0000000000000000E+000      115.0000000000000
0.0000000000000000E+000      116.0000000000000
0.0000000000000000E+000      117.0000000000000
0.0000000000000000E+000      118.0000000000000
0.0000000000000000E+000      119.0000000000000
0.0000000000000000E+000      120.0000000000000
0.0000000000000000E+000      121.0000000000000
0.0000000000000000E+000      122.0000000000000
0.0000000000000000E+000      123.0000000000000
0.0000000000000000E+000      124.0000000000000
0.0000000000000000E+000      125.0000000000000
0.0000000000000000E+000      126.0000000000000
0.0000000000000000E+000      127.0000000000000
0.0000000000000000E+000      128.0000000000000
0.0000000000000000E+000      129.0000000000000
0.0000000000000000E+000      130.0000000000000
0.0000000000000000E+000      131.0000000000000
0.0000000000000000E+000      132.0000000000000
0.0000000000000000E+000      133.0000000000000
0.0000000000000000E+000      134.0000000000000
0.0000000000000000E+000      135.0000000000000
0.0000000000000000E+000      136.0000000000000
0.0000000000000000E+000      137.0000000000000
0.0000000000000000E+000      138.0000000000000
0.0000000000000000E+000      139.0000000000000
0.0000000000000000E+000      140.0000000000000
0.0000000000000000E+000      141.0000000000000
0.0000000000000000E+000      142.0000000000000
0.0000000000000000E+000      143.0000000000000
0.0000000000000000E+000      144.0000000000000
0.0000000000000000E+000      145.0000000000000
0.0000000000000000E+000      146.0000000000000
0.0000000000000000E+000      147.0000000000000
0.0000000000000000E+000      148.0000000000000
0.0000000000000000E+000      149.0000000000000
0.0000000000000000E+000      150.0000000000000
0.0000000000000000E+000      151.0000000000000
0.0000000000000000E+000      152.0000000000000
0.0000000000000000E+000      153.0000000000000
0.0000000000000000E+000      154.0000000000000
0.0000000000000000E+000      155.0000000000000
0.0000000000000000E+000      156.0000000000000
0.0000000000000000E+000      157.0000000000000
0.0000000000000000E+000      158.0000000000000
0.0000000000000000E+000      159.0000000000000
0.0000000000000000E+000      160.0000000000000
0.0000000000000000E+000      161.0000000000000
0.0000000000000000E+000      162.0000000000000
0.0000000000000000E+000      163.0000000000000
0.0000000000000000E+000      164.0000000000000
0.0000000000000000E+000      165.0000000000000
0.0000000000000000E+000      166.0000000000000
0.0000000000000000E+000      167.0000000000000
0.0000000000000000E+000      168.0000000000000
0.0000000000000000E+000      169.0000000000000
0.0000000000000000E+000      170.0000000000000
0.0000000000000000E+000      171.0000000000000
0.0000000000000000E+000      172.0000000000000
0.0000000000000000E+000      173.0000000000000
0.0000000000000000E+000      174.0000000000000
0.0000000000000000E+000      175.0000000000000
0.0000000000000000E+000      176.0000000000000
0.0000000000000000E+000      177.0000000000000
0.0000000000000000E+000      178.0000000000000
0.0000000000000000E+000      179.0000000000000
0.0000000000000000E+000      180.0000000000000
0.0000000000000000E+000      181.0000000000000
0.0000000000000000E+000      182.0000000000000
0.0000000000000000E+000      183.0000000000000
0.0000000000000000E+000      184.0000000000000
0.0000000000000000E+000      185.0000000000000
0.0000000000000000E+000      186.0000000000000
0.0000000000000000E+000      187.0000000000000
0.0000000000000000E+000      188.0000000000000
0.0000000000000000E+000      189.0000000000000
0.0000000000000000E+000      190.0000000000000
0.0000000000000000E+000      191.0000000000000
0.0000000000000000E+000      192.0000000000000
0.0000000000000000E+000      193.0000000000000
0.0000000000000000E+000      194.0000000000000
0.0000000000000000E+000      195.0000000000000
0.0000000000000000E+000      196.0000000000000
0.0000000000000000E+000      197.0000000000000
0.0000000000000000E+000      198.0000000000000
0.0000000000000000E+000      199.0000000000000
0.0000000000000000E+000      200.0000000000000
0.0000000000000000E+000      201.0000000000000
0.0000000000000000E+000      202.0000000000000
0.0000000000000000E+000      203.0000000000000
0.0000000000000000E+000      204.0000000000000
0.0000000000000000E+000      205.0000000000000
0.0000000000000000E+000      206.0000000000000
0.0000000000000000E+000      207.0000000000000
0.0000000000000000E+000      208.0000000000000
0.0000000000000000E+000      209.0000000000000
0.0000000000000000E+000      210.0000000000000
0.0000000000000000E+000      211.0000000000000
0.0000000000000000E+000      212.0000000000000
0.0000000000000000E+000      213.0000000000000
0.0000000000000000E+000      214.0000000000000
0.0000000000000000E+000      215.0000000000000
0.0000000000000000E+000      216.0000000000000
0.0000000000000000E+000      217.0000000000000
0.0000000000000000E+000      218.0000000000000
0.0000000000000000E+000      219.0000000000000
0.0000000000000000E+000      220.0000000000000
0.0000000000000000E+000      221.0000000000000
0.0000000000000000E+000      222.0000000000000
0.0000000000000000E+000      223.0000000000000
0.0000000000000000E+000      224.0000000000000
0.0000000000000000E+000      225.0000000000000
0.0000000000000000E+000      226.0000000000000
0.0000000000000000E+000      227.0000000000000
0.0000000000000000E+000      228.0000000000000
0.0000000000000000E+000      229.0000000000000
0.0000000000000000E+000      230.0000000000000
0.0000000000000000E+000      231.0000000000000
0.0000000000000000E+000      232.0000000000000
0.0000000000000000E+000      233.0000000000000
0.0000000000000000E+000      234.0000000000000
0.0000000000000000E+000      235.0000000000000
0.0000000000000000E+000      236.0000000000000
0.0000000000000000E+000      237.0000000000000
0.0000000000000000E+000      238.0000000000000
0.0000000000000000E+000      239.0000000000000
0.0000000000000000E+000      240.0000000000000
0.0000000000000000E+000      241.0000000000000
0.0000000000000000E+000      242.0000000000000
0.0000000000000000E+000      243.0000000000000
0.0000000000000000E+000      244.0000000000000
0.0000000000000000E+000      245.0000000000000
0.0000000000000000E+000      246.0000000000000
0.0000000000000000E+000      247.0000000000000
0.0000000000000000E+000      248.0000000000000
0.0000000000000000E+000      249.0000000000000
0.0000000000000000E+000      250.0000000000000
0.0000000000000000E+000      251.0000000000000
0.0000000000000000E+000      252.0000000000000
0.0000000000000000E+000      253.0000000000000
0.0000000000000000E+000      254.0000000000000
0.0000000000000000E+000      255.0000000000000
0.0000000000000000E+000      256.0000000000000
0.0000000000000000E+000      257.0000000000000
0.0000000000000000E+000      258.0000000000000
0.0000000000000000E+000      259.0000000000000
0.0000000000000000E+000      260.0000000000000
0.0000000000000000E+000      261.0000000000000
0.0000000000000000E+000      262.0000000000000
0.0000000000000000E+000      263.0000000000000
0.0000000000000000E+000      264.0000000000000
0.0000000000000000E+000      265.0000000000000
0.0000000000000000E+000      266.0000000000000
0.0000000000000000E+000      267.0000000000000
0.0000000000000000E+000      268.0000000000000
0.0000000000000000E+000      269.0000000000000
0.0000000000000000E+000      270.0000000000000
0.0000000000000000E+000      271.0000000000000
0.0000000000000000E+000      272.0000000000000
0.0000000000000000E+000      273.0000000000000
0.0000000000000000E+000      274.0000000000000
0.0000000000000000E+000      275.0000000000000
0.0000000000000000E+000      276.0000000000000
0.0000000000000000E+000      277.0000000000000
0.0000000000000000E+000      278.0000000000000
0.0000000000000000E+000      279.0000000000000
0.0000000000000000E+000      280.0000000000000
0.0000000000000000E+000      281.0000000000000
0.0000000000000000E+000      282.0000000000000
0.0000000000000000E+000      283.0000000000000
0.0000000000000000E+000      284.0000000000000
0.0000000000000000E+000      285.0000000000000
0.0000000000000000E+000      286.0000000000000
0.0000000000000000E+000      287.0000000000000
0.0000000000000000E+000      288.0000000000000
0.0000000000000000E+000      289.0000000000000
0.0000000000000000E+000      290.0000000000000
0.0000000000000000E+000      291.0000000000000
0.0000000000000000E+000      292.0000000000000
0.0000000000000000E+000      293.0000000000000
0.0000000000000000E+000      294.0000000000000
0.0000000000000000E+000      295.0000000000000
0.0000000000000000E+000      296.0000000000000
0.0000000000000000E+000      297.0000000000000
0.0000000000000000E+000      298.0000000000000
0.0000000000000000E+000      299.0000000000000
0.0000000000000000E+000      300.0000000000000
0.0000000000000000E+000      301.0000000000000
0.0000000000000000E+000      302.0000000000000
0.0000000000000000E+000      303.0000000000000
0.0000000000000000E+000      304.0000000000000
0.0000000000000000E+000      305.0000000000000
0.0000000000000000E+000      306.0000000000000
0.0000000000000000E+000      307.0000000000000
0.0000000000000000E+000      308.0000000000000
0.0000000000000000E+000      309.0000000000000
0.0000000000000000E+000      310.0000000000000
0.0000000000000000E+000      311.0000000000000
0.0000000000000000E+000      312.0000000000000
